8468 42
6501 6335
5725 9170
9359 1479
4465 6963
8146 5706
6828 3282
492 9962
1943 2996
5437 4828
4605 2392
154 3903
2383 293
8717 7422
9896 9719
1727 5448
1539 4772
9913 1870
6300 5668
9895 7036
3812 8704
334 1323
4665 7674
7712 5142
6869 8254
7645 5548
2758 2663
2860 38
9742 8724
779 7530
3036 2317
1843 2191
107 289
8943 9041
2649 9265
3806 7447
6730 5891
5351 4371
1102 5007
3549 4394
2624 9630
9955 4085
1841 8757
7377 4967
6309 3932
2440 6945
1324 4627
1539 5538
2083 6119
6542 2930
1116 4834
9659 4640
9931 2705
2307 3978
2387 1674
8746 5022
9073 6925
5830 6271
5574 6778
6513 5098
3291 3987
8637 9162
4768 2356
5575 3656
2053 4032
1151 7351
1725 6942
3431 3967
192 1108
1338 8008
2288 5458
384 7754
8910 4946
9759 2210
8589 4222
4947 6423
3031 7507
9169 6414
2592 901
1656 8763
6360 7411
538 7625
6484 1549
4042 7596
4351 3603
837 292
1021 9375
4022 4597
3200 7349
4485 9669
4735 8282
2000 54
7939 6419
3789 6901
468 8128
4894 3729
2484 4649
2422 7808
6618 4311
9515 2814
7617 4310
7452 8936
5250 601
1557 6520
304 2799
1009 6225
2610 5845
2703 4990
486 3196
4344 3094
1588 524
9504 9315
5201 7449
6619 3459
9797 581
5282 4799
799 9590
7158 8010
3623 473
2293 8539
4180 6039
9658 8191
6192 7959
2889 9816
1512 9157
2635 6203
56 4273
2647 329
4887 6363
8434 8876
143 9870
1417 3845
1999 1882
8652 323
5700 22
8477 3558
4390 7893
713 5076
2511 2601
6870 1004
4689 7862
9790 3402
6424 5256
586 5003
286 4183
1427 7089
3758 8618
933 9833
2155 4170
7190 5722
1330 9977
8693 2369
556 1426
6550 3435
9513 7442
8061 146
3754 1719
2424 6140
5997 6280
2530 6688
7438 2550
2950 9867
3196 194
417 3298
6106 8287
6283 4489
5735 2456
1702 8115
672 1317
2264 5787
4356 4314
54 1186
809 913
946 1833
7757 4314
9559 8322
7983 3647
4145 482
223 3197
2162 7130
451 5536
467 1174
1660 2045
6440 6293
25 7254
9511 6155
650 4746
8314 3187
8023 4475
4019 2169
9906 8788
7392 7959
3626 203
4415 6478
5825 9315
5875 9335
160 4373
8071 1834
8298 7488
8178 7519
2271 7774
2669 1764
3986 7193
8481 3103
7628 9214
4100 4803
2626 528
1925 1544
9973 1024
4182 3062
7433 1004
7594 7506
3032 2726
143 8493
1287 7223
7901 3065
8361 9188
975 2414
9171 4271
834 236
5761 9712
4668 8897
2551 7286
3695 141
1625 2696
2126 8020
1695 6577
6303 2659
2467 7372
2594 4679
5485 3852
8465 1019
3153 1120
8088 2801
1927 1061
4758 9011
316 2171
228 9577
2759 2044
5110 7165
7087 7883
3488 9566
4475 9578
5628 2626
1929 5630
8521 5424
4963 6903
4597 124
3262 3738
2526 196
8261 1265
8117 6203
327 5031
772 9012
5548 6412
1521 1154
4925 9791
1764 189
852 4941
3830 8663
7714 901
7579 8959
3008 8366
1201 1478
6440 6059
2761 2304
2325 9358
5109 6478
4888 1114
2851 9802
2429 4461
7385 2994
6541 9406
8705 1112
2357 2836
9351 6073
4486 8824
3217 557
9358 1627
3358 8527
3272 9338
9362 3870
3023 2897
113 9618
8697 2718
4042 1586
4130 4424
4566 4230
8933 6560
9856 2297
6963 2054
9735 3585
6973 6655
4370 1458
2964 2533
2484 2608
1636 912
2849 68
2939 4676
2143 2224
6512 3755
176 2742
7826 1460
7871 3222
1935 1627
1784 5206
7399 3851
2702 2280
2735 2194
6535 1638
1994 5557
5706 177
549 6963
301 5882
6642 4414
4856 9856
1463 3143
878 7612
2679 425
8444 1753
2674 8297
9314 41
73 876
611 2819
4933 1018
696 8113
3832 3170
6489 41
9091 8686
2590 9498
5146 5991
9315 9354
6741 8652
1259 2045
8760 336
7606 1193
2182 5265
3830 8504
609 3776
5998 9293
9557 7550
1628 5562
9542 6468
1241 6130
9175 7814
6078 602
8684 216
3993 8214
5602 5825
5760 3393
6429 2671
4085 8028
8787 76
4971 5499
3848 6288
504 2605
2664 1222
2364 5707
2172 9011
8241 7490
5543 2165
914 7620
6705 7592
9233 1819
5206 751
1540 4976
1423 304
1248 1099
3649 3585
7865 2972
1076 2914
8713 1546
8679 7547
5263 1770
3986 8520
5945 8290
8541 2866
5509 3246
7871 8319
8324 9602
4473 1133
5088 7153
9764 8571
7104 9902
3528 4424
6970 1601
5566 4016
1544 29
2089 5348
2638 2944
6464 2410
4682 5050
1343 1589
2061 609
1759 1222
889 9955
691 4147
2844 7950
5621 1431
7068 749
784 4537
2227 8036
7039 5186
5630 9854
5749 1225
3360 9924
4767 2258
4956 4945
2727 3319
1026 5412
1002 356
9497 2550
9516 8585
3343 7965
7914 8076
1197 6143
5073 1949
4607 427
4430 6174
6706 2405
9813 627
94 9376
6037 6566
9142 4737
5995 815
6653 8257
839 3937
1356 483
1132 1016
7842 8231
2012 4626
4187 2638
1651 9691
1635 5663
354 894
3453 1417
7263 4009
5455 2234
6635 6304
4257 6304
1125 149
4214 2318
4029 7110
1081 9201
6859 1319
4156 4051
5265 1362
3677 1904
6910 9644
3562 4903
4949 8490
3654 1283
2221 675
6924 5403
9370 3832
260 3879
2620 9009
4 3972
9782 1946
2393 6505
5314 2686
5590 6699
5939 2723
6411 9038
6235 1462
9962 2509
6494 3960
5270 1516
8870 4938
4701 59
6265 3972
6216 5118
7816 4556
3040 8331
9289 213
1955 8083
711 6086
4775 4485
9816 8381
6542 5952
1680 8116
5899 7111
789 3074
8133 3978
8690 9957
9 6114
5791 2942
1364 1724
5185 29
7201 4779
1886 5072
1072 1975
2868 1334
4296 6154
826 2169
5630 9677
2599 8651
4694 3310
81 4687
2250 117
1529 6668
7865 6680
8406 9422
6817 8827
7727 7517
9088 8667
9965 7682
5687 1341
1663 6022
6065 4722
416 9310
9874 7903
3942 7125
1763 2746
7532 8424
2269 4807
5603 9319
4308 1908
1013 3482
6631 1137
6810 4115
3557 4085
1294 2291
9153 9997
5346 1055
249 4709
3713 7492
115 5132
7959 6440
9705 4723
1053 6996
7480 5270
6424 8239
867 7919
2499 7660
1197 8487
6634 7463
2023 2159
8393 1147
3926 3038
9459 648
808 6603
7831 4099
4601 9293
800 7279
449 8353
541 3883
4576 8316
9568 8763
8398 2337
9898 1419
3852 5829
4231 6817
6926 4450
230 659
941 4521
5148 9561
1656 5163
793 676
1755 2362
3147 6399
6947 8715
9570 1189
7664 8639
4516 5076
476 1522
529 5616
2571 3235
9465 906
8963 9558
525 4162
7470 2550
1924 331
4334 8351
911 2926
6337 9738
1279 8338
7637 2394
8165 715
9950 1592
2506 9136
5 3338
2624 6338
9971 8665
569 5609
7086 9282
8374 9153
8195 8653
3827 9877
7573 8397
4641 6250
8820 9175
2612 944
290 1942
5566 8420
7586 3806
1451 6217
2610 1616
9167 1065
6075 6894
301 3510
9574 9696
3162 5590
7969 1173
6032 7359
9427 6269
423 8511
8780 775
3553 911
5392 4183
5765 5496
1365 875
8256 4903
475 4461
6822 6973
5548 6123
9790 1578
196 5606
7951 7595
755 6344
1013 2482
3440 1673
5913 3429
5968 9763
4416 4409
7224 1909
6435 1760
9487 5205
959 4320
6807 5946
8701 8167
7693 1368
8533 1788
975 557
5022 3448
6223 8284
2377 9332
6949 8584
7983 2724
4777 2019
1112 9221
3857 2183
8926 9491
6487 4325
5970 9678
7535 1644
2669 5678
1992 1069
7784 2197
7728 6829
5872 9427
7613 698
1028 8704
5546 1409
7186 9509
4238 239
1314 6444
8851 2502
2112 5129
8150 3651
1455 1193
682 5870
268 7466
9794 7714
5473 8635
2831 973
8443 4902
3878 5178
703 5771
1382 4365
8824 6591
8024 2238
6596 2180
2328 170
1311 2043
1059 8183
9488 7927
2529 1671
2259 5652
9861 7214
1287 5784
8611 2743
7129 4473
5842 8435
3504 719
4866 4868
1882 939
2751 9258
8599 8615
2662 8459
2757 6064
279 808
9436 9490
2076 6366
1387 7587
8361 7834
6049 3331
9493 8929
3841 2434
1736 6767
1600 9811
1893 1838
7329 1983
1370 9353
1795 1245
9253 6609
7433 1648
7209 9536
3498 3265
7650 3244
6842 2016
6101 190
649 9813
9852 9524
8634 4475
7201 9892
9991 9855
4920 5698
2579 7781
2545 2932
3488 3341
2526 900
5539 8484
6194 7493
5012 8253
5835 1561
1498 1841
8530 2786
8806 1541
3393 8792
3550 3211
6980 1579
9278 972
194 74
1498 1621
1277 3827
6583 9791
1160 3579
6490 419
3450 160
9073 2925
7009 381
209 7968
8504 6478
2608 5371
2075 4197
2612 3723
8762 9020
2891 1057
6684 1164
9933 3717
2742 5453
6814 4955
397 2863
616 5461
2600 905
4681 137
7033 9199
2585 4388
3518 7241
8671 7007
8883 242
3524 5250
2106 1759
7096 9622
9917 7297
179 5679
5059 3580
2751 7578
3730 4008
2996 4082
4677 2679
900 7754
5566 1785
3609 3094
1244 6173
7515 9930
5056 169
5974 1192
6749 8923
987 5652
6447 2145
6518 1578
9917 4630
5792 5875
2913 5470
694 8147
9816 9092
6858 6950
6053 641
8552 237
1227 9488
6956 8163
8395 3184
6098 181
7066 3066
9262 2514
1079 2579
4141 6879
1948 4612
171 2446
3490 9976
6150 4751
3866 3334
7283 2215
7433 7008
6368 8897
4883 8523
7642 1811
2188 7232
6480 6706
6539 6322
9448 1352
9647 4209
5760 2277
423 190
8487 7667
2029 3456
4861 9615
1778 9254
2504 1349
2432 862
2456 9083
2107 4198
5822 8753
6282 7297
4456 6022
7125 5948
9136 8319
1775 1377
4999 9860
9254 2075
636 6923
8889 1644
3233 8154
8681 4748
5679 9927
4802 6451
4200 4962
6364 856
574 5717
3246 1562
8275 6474
4354 1551
4288 1182
8111 2700
7466 8644
2530 7173
2113 9982
4382 3477
6891 8248
8806 6672
33 2373
9321 3990
5432 3166
1294 9659
6579 7207
2207 6949
8167 7172
6698 3397
3695 1021
4789 5530
7985 110
8979 1970
4016 1618
3685 6627
7907 9169
2098 5929
4391 8119
1786 5200
9200 4487
711 2421
5814 8272
6086 7416
3581 319
7268 1332
3445 8388
4508 3187
7828 4361
6432 8075
272 7153
4694 269
338 9886
7605 1312
407 2678
9023 7769
5001 9414
7538 543
1389 39
3290 7356
3182 1648
6585 3094
762 988
8218 494
7483 9502
5666 9448
2105 754
9096 5085
222 3526
1782 3965
8107 4873
3344 3657
7081 2594
4869 6081
3714 1412
3252 969
2080 7217
7041 8769
2934 1532
664 3780
6654 2260
2096 7937
1875 4366
6836 7721
8977 5681
5726 8456
4809 4072
9157 3560
7833 5603
441 7906
1563 7376
1963 2886
1837 1081
1203 798
81 509
2077 5341
1494 9059
8547 7741
4774 475
8881 9098
1073 3336
708 3401
667 2956
3589 4142
7169 2482
9397 8316
1010 6226
8137 2013
8763 1456
743 5044
7923 22
9249 4513
7369 6019
9715 3718
3291 7651
2760 3336
1896 3170
2641 5304
4200 1980
4792 9106
8682 8662
8754 3653
2030 4034
7043 5988
84 6254
5815 1421
2245 2719
7230 1064
8865 653
471 4770
1048 5006
1488 1595
3277 4327
6541 1324
3991 7680
4711 2589
7946 9272
8471 9222
3590 184
4979 3956
5007 4780
136 3263
7197 3488
2089 9034
9780 2936
4791 5994
8966 4963
9106 1002
4568 1808
3135 2670
1458 2672
3546 2999
4219 3598
4845 8839
8564 7373
9265 1029
4724 8802
7605 3491
4228 1602
3693 1198
364 9772
2364 9302
3566 7722
3446 7422
496 8611
5023 6742
9152 1813
8056 3016
8739 3394
9883 5280
2655 1609
2708 3823
1339 4246
2291 145
3155 1340
4624 4605
79 2226
1982 1725
9734 2331
595 8224
8847 9131
9446 4988
8617 8806
490 5751
1964 7339
4698 8136
1631 2210
1909 3225
4475 6738
7373 1921
3856 294
9562 6735
7607 1057
7076 8185
4120 8383
433 6742
2780 4685
8284 2280
837 668
4119 4126
8029 2738
578 2120
4092 738
2796 557
1902 6061
3433 8794
4581 2137
5908 4876
8075 1185
6791 8720
42 477
8330 3352
2975 6291
3592 3073
5788 2190
3240 1491
3054 4894
682 7064
7006 5904
8480 4177
6140 1696
3999 2469
3640 1084
7622 9516
5827 9994
3839 5723
2582 4829
8979 4400
1024 1892
4835 6944
7350 4244
8708 2703
5142 503
8347 688
4638 5892
1401 8414
1691 2817
8936 3163
9411 9127
1383 9878
7190 6261
3875 6706
723 2664
2567 2196
6039 6361
7812 8589
9468 8246
6868 2426
543 3190
1548 3064
9618 503
5024 9100
1204 7227
1052 49
8637 1571
5968 9459
9406 8457
9963 1532
7976 6820
7532 557
8045 1496
6804 592
8916 3389
2320 7451
5792 6273
134 9384
4643 1776
8301 3570
2079 7955
2258 3586
894 5334
104 491
7234 4751
4272 723
8991 9612
1642 339
9048 3259
9659 2353
5303 480
8991 2684
5569 3
6896 4423
8009 6136
6743 2362
3700 2195
179 3189
1358 4043
1848 3942
6346 7470
1914 4381
5711 4965
5386 62
7505 74
2704 9463
1070 8103
3530 5155
2075 1553
3731 9150
845 2245
4119 3050
6364 4066
8774 9553
9732 8471
7512 6748
4399 5870
7104 499
5680 7353
3044 8054
1089 4523
5835 1564
7023 9851
1912 7241
5652 9493
5478 8581
9877 7617
5221 9179
2349 4616
2180 6799
6858 1636
1663 2884
8263 8903
9771 9421
9274 9023
2687 5842
3918 8889
1893 1718
1268 3699
66 1750
6933 390
6082 5620
9131 2004
8632 3029
3153 4590
9173 8631
6408 9865
5429 2296
8491 9682
6178 6611
5237 1072
644 6460
7634 6841
3894 7038
275 2631
8783 2994
7462 2204
9663 8291
998 2308
8424 1152
6718 8891
8704 6641
4884 5567
2660 3662
387 8246
2766 2652
6841 9602
1498 7210
9251 7284
8422 8059
582 176
3272 6788
8000 4288
4980 2505
701 2139
2462 531
206 2119
8829 7541
1623 4460
3761 4399
2936 7099
615 482
8494 9568
9162 8597
539 7747
539 7671
1556 1477
6372 4918
5753 6761
5434 3759
9066 2256
2402 727
2760 3035
549 394
8793 7274
2934 6194
7104 138
8212 3691
4669 3695
7499 2628
5249 990
1648 3880
932 1150
876 670
5450 5599
4600 5437
1444 124
8155 1732
4435 2862
3968 9386
1394 817
9867 6705
309 954
8685 8224
2668 793
2470 49
812 3931
6091 9815
3744 5428
600 1605
7196 6475
5159 507
9859 7590
7890 7810
41 1448
9365 3819
27 7976
2504 5090
6413 67
2571 6841
5396 4677
9987 8642
1110 7652
84 8188
3391 1086
8687 1251
1382 4756
5503 8129
863 4278
3566 6425
833 3873
4429 886
890 6647
884 6479
1266 4926
5046 1261
5822 779
2521 3856
4774 2928
7252 5135
3337 2676
1002 6335
9311 2738
7591 5975
1072 357
936 2081
7283 2146
8719 1826
4713 3574
4999 3038
7163 9906
8693 1718
8048 9540
9104 947
4116 232
5859 840
2646 830
7200 3395
4273 9646
1863 676
3774 2073
1239 2481
3543 6898
9204 9609
6126 3278
1402 135
8383 9079
737 170
7940 7479
8722 1139
664 1427
1576 1678
5982 6725
7962 7701
6003 8863
5096 8449
4017 685
9508 5138
1285 3994
260 2945
7059 822
7669 4644
120 678
3042 9858
5265 8892
6916 1624
7930 8073
4716 842
2537 7616
7760 4958
3453 701
4242 5094
2449 1830
1799 5228
325 6225
8134 2275
5039 2886
6863 2171
5085 2630
4879 1910
7086 6924
3025 9401
3106 4194
5766 9413
5408 5768
3785 678
4791 705
892 9835
8086 622
5191 7735
7999 543
2019 2087
425 5622
1377 2598
9670 4255
2928 8109
6069 2494
9103 6367
2601 2439
4319 820
4985 2291
2557 6340
4633 5809
6815 1479
7240 3788
5021 8075
2555 828
7442 1989
3643 6799
6322 9003
3947 105
8510 7057
7709 9834
6534 9762
4805 687
143 6386
7261 8843
1621 2162
9579 4344
114 1188
4592 3064
416 5935
9762 657
8412 5013
6252 1960
3371 8739
5508 6125
7585 8008
3102 952
4959 4490
1791 5442
413 7014
1061 4856
8473 7094
2677 5403
7374 3544
7652 6267
1529 5276
762 533
2504 5470
7108 2730
2452 7893
8393 7954
3520 2571
3408 9473
9506 2495
384 8441
1410 4263
8039 8608
5472 4361
655 1172
1515 9948
1230 4524
6767 490
9757 7888
7471 6633
667 5740
7284 8523
7554 8161
7092 4706
5387 1260
4630 1688
8318 43
2357 2046
5453 3389
467 3155
7761 1834
5632 6920
1268 6739
1099 5777
6321 4315
4008 3054
4217 6470
9843 9723
5464 9008
948 6261
8631 3794
3044 8718
5315 1377
7118 6627
621 1335
6793 4172
9155 8965
4694 8867
3776 665
2213 3001
7552 1101
6380 5477
7878 944
362 3790
8273 1386
5145 1435
5564 9562
2947 4505
309 3889
1431 2158
6465 5124
4347 4075
1982 3838
6612 5319
7592 6293
7124 3833
6992 6462
7331 1462
7370 8499
8401 7292
4118 4180
9915 2318
1442 1596
1868 5937
1454 7029
3974 7910
1504 7982
6817 6570
5368 1884
8403 5386
7158 5231
5568 8682
1867 8311
3172 3688
1246 3478
6239 2765
2048 7672
4593 6116
2658 7312
54 1406
581 7172
2531 2741
4321 3676
3378 5791
6587 999
4490 1605
9745 9632
6611 8389
6920 8719
5928 8260
8120 4610
2717 1480
1397 6301
1459 6854
4594 831
9850 807
4273 4855
2295 6161
6334 2055
4230 147
429 472
2242 560
2689 9422
2034 6367
2271 6686
2262 5330
2209 2861
2163 8983
6879 2507
1898 1980
6539 7888
784 4470
2796 7541
8634 7267
4558 3510
6135 2318
8136 2054
2594 2259
1694 7844
2952 6467
1095 8141
5175 2938
6098 2513
2696 9552
3493 1818
238 1293
614 7531
1711 5297
5629 2390
8787 5810
8841 1745
8570 8183
7394 6121
4963 6293
2528 4215
3195 6808
4714 8706
8914 7012
9665 6694
8996 6204
4382 7763
9910 6947
1769 1049
2512 6625
4236 7955
4634 1128
1863 8241
7578 5128
2341 3818
5101 143
6559 8401
3155 1477
6431 936
1296 5832
5624 3538
2928 7923
212 8030
1755 6212
2254 6881
1322 3294
6529 786
1001 444
4672 556
7453 9271
4632 9376
8935 3641
7987 8041
4249 8835
8766 1540
313 2797
5053 7263
3988 732
2558 4465
9557 4249
5451 171
7302 7183
4100 3294
9045 3333
76 2332
9051 1005
4067 5027
9802 1739
3844 9624
3381 442
7919 9696
1364 3660
6330 2629
8855 1089
4980 8614
667 8570
7578 7680
3403 7838
3293 3116
2873 1724
324 9449
5949 1154
5198 4396
2909 4509
3994 7412
6782 7666
7611 3203
7257 4829
8966 7706
770 8024
254 1716
3685 1806
2146 9479
834 1841
6901 9286
3995 969
3886 6634
8282 349
6257 8033
873 9911
3902 8983
636 2307
2472 7861
7138 9528
9769 8344
3996 8234
7604 9172
8012 8943
1035 7880
4594 4513
4162 531
259 3235
5907 1927
4444 5192
228 6189
6485 2720
9094 5225
3225 436
3583 8095
8628 8868
1147 2006
6590 2687
8238 541
8760 2851
8957 9579
2404 2678
6301 8043
5226 5812
1596 1144
6616 1017
1007 8805
1642 8369
699 336
8314 1326
2313 8024
8458 4619
8340 8397
2095 1087
7044 7847
2912 1523
3456 6281
6848 6359
991 8871
4328 3874
3455 3414
2473 1897
7242 4451
5647 4642
8214 3526
7930 6825
5404 8696
7994 2595
2188 6068
5080 4641
8126 42
4861 2535
4908 3001
7693 2622
5118 5294
404 7718
7894 3944
9012 640
4029 6926
749 9979
2893 2851
655 6445
4354 3624
1548 2037
827 1347
3905 6062
7572 239
6406 6887
2057 5300
1268 1729
2020 3752
8167 9992
5847 5718
3188 7094
2913 1422
8300 6868
9898 2445
3329 1202
7105 4943
9769 1769
6297 6642
721 1263
7919 1245
1220 9626
8175 7585
460 985
7015 3150
2504 5696
3852 5033
6815 1538
4652 8364
4291 1220
1684 5918
6585 1919
3587 7253
6249 1270
2398 2138
3169 425
8149 28
383 1994
7670 9272
878 894
9105 1015
2944 485
6812 1496
8893 1294
1991 6799
4891 1300
9075 8494
3775 1550
174 9315
9219 4070
6834 6866
9912 5239
6464 3253
5150 6509
2246 3089
1921 6232
9272 107
6422 2369
4158 5259
4983 9648
4123 8239
907 7724
190 8707
346 1157
6924 2352
1551 7119
1837 2098
3407 592
5814 4511
5881 4652
4744 7845
1246 7742
4950 4579
4515 1706
9228 9786
7205 8625
3918 8357
556 6228
4287 103
1699 9469
1412 8980
759 2490
776 3491
7133 8411
7297 7090
3113 1951
2530 123
5837 7673
5554 8278
671 3977
2653 9086
398 1752
9002 9752
6694 436
7917 5073
5329 6717
2126 1512
7297 1839
1545 8940
2827 1057
6759 2903
2022 4589
4109 2587
2629 9778
6948 1980
1281 2550
5129 3246
427 4063
678 4720
4048 9092
3232 3786
8685 7407
6770 1955
7957 4710
5946 2422
6017 3466
6498 1861
5191 8336
8050 5678
7887 1006
8676 3389
7378 3144
8488 131
2483 6556
5001 5254
290 7755
5216 2489
1311 2009
7800 941
9708 2998
305 8455
486 8238
793 2500
2613 9614
2984 8683
6130 5352
5034 7138
1865 6601
1858 3684
1711 8969
1709 1969
7733 2642
1685 2438
2702 2500
8584 9870
9693 9257
2088 7641
3811 5013
4836 5821
616 1664
8678 5898
135 2775
9534 7554
2287 8879
2735 5625
5350 8076
6985 713
7793 625
8823 6505
8914 4056
4474 463
4161 85
6054 1123
1823 9398
1338 9751
4007 3918
2198 4932
9237 7506
6600 358
1899 8291
1448 986
593 1085
8997 8726
4829 9856
7343 5339
9796 4429
38 743
6768 5507
9794 5054
4147 8506
3925 3610
9466 9855
6207 2240
5493 4210
8176 6500
3062 1037
5619 3648
6728 5014
7897 5713
7842 1910
9091 131
7916 9035
3524 6287
1345 667
2038 2737
5894 5417
972 1950
2778 845
6201 9286
286 4591
7119 8326
7 5669
4009 9730
226 4542
1981 5537
471 717
8748 5385
7937 329
701 6205
6365 7524
6041 1412
1505 251
1767 3484
2671 6142
507 846
3257 9089
8267 5108
2679 5858
2675 4200
5192 4156
9833 8991
997 859
8291 8918
1708 3968
8247 8235
9403 1463
3427 8240
907 9096
351 8315
5280 4587
5823 7777
2302 6880
5677 5813
7358 3165
6039 2571
145 4313
8181 6562
644 8201
8062 1857
5940 2648
9291 9809
980 7453
1420 2619
2285 4008
9978 4548
8614 5676
3372 8710
6340 8643
2622 6337
6035 1502
1359 8130
8470 1437
8505 2898
4203 4799
1239 3106
66 5033
4482 2517
9024 5580
1772 1728
383 1314
4817 6141
5320 8489
5514 5590
852 8260
3284 2272
7039 4365
3185 3013
3502 1760
8734 9575
7715 5060
6596 7650
4542 8523
5378 417
566 1053
139 9892
968 3311
3788 5056
8223 7225
7442 6440
6805 6649
9369 7835
8873 1442
9975 2669
5138 9177
3242 634
8019 5746
2975 1016
847 9253
5525 8957
5582 6967
2241 8145
5297 9335
5028 1877
2019 1206
1642 4292
6192 3466
6260 2472
218 3701
1944 2017
7065 4625
1158 1506
7667 1503
2047 9276
9790 7633
2146 6047
3153 6004
8327 1902
1185 9154
351 9650
4347 406
8971 1026
4796 4337
1324 9794
8857 5533
3211 5897
5693 7777
5291 4551
3853 3796
8316 7351
9362 37
9985 3761
2535 8730
8083 6051
1937 6807
791 5585
9183 1618
3117 9067
9426 6389
5611 3102
9983 6451
5194 8622
6755 7039
4896 4594
5639 281
7421 5168
6884 4346
4697 3866
391 834
190 2633
184 7840
2130 3818
680 6754
601 8614
5146 8253
2152 9862
8964 8319
4908 7814
1477 9555
1212 618
2265 5430
9532 5967
699 9943
1156 9523
5258 7588
4465 3159
8511 3763
1066 947
3166 8381
3541 5947
8043 7298
3195 4465
271 2585
2201 2716
2107 1207
4697 1303
7612 8834
416 9068
176 6646
3449 6355
3080 4920
6322 7989
1598 7593
3510 2198
72 8653
4123 659
7998 6860
1900 1000
1321 4121
6985 2037
1916 4913
9486 3954
200 742
4209 1568
170 6845
4880 9682
7208 1109
5707 5260
4076 3850
125 8027
7775 7608
129 2885
3146 4547
1715 482
4169 150
308 3339
3505 6794
1698 1106
5956 8218
2344 6642
2098 6134
737 680
5634 9556
931 1955
9905 253
2489 280
1755 4871
2177 6073
5416 6702
4232 8087
9976 7481
515 261
6658 8939
9439 4991
5448 8982
4619 5243
5632 6071
7220 4062
991 8782
8673 2834
1303 1564
6929 503
4899 722
946 1448
2223 8407
5795 8687
2845 3578
1548 8684
486 3241
1724 6465
6654 338
8131 7169
1467 5256
2513 4859
3319 9657
143 3202
1507 1277
685 2703
271 5024
8251 6313
312 3476
9196 6851
1521 5489
184 6102
7893 4799
6785 8849
2188 246
8344 4463
6860 8259
4017 8872
2833 8173
7684 4442
2016 6089
8517 3977
40 8299
3206 1284
9147 9998
3676 5770
9388 918
6031 5021
1736 7443
374 2390
2074 3481
787 778
1786 8382
8346 523
6086 980
936 5714
884 9736
6097 2187
2086 649
522 4753
1983 9261
7689 6637
7237 9920
7066 6793
4199 9279
6387 1497
977 1012
2122 7548
7246 3203
8565 6703
2573 1540
2371 2258
1655 1921
1081 9360
3392 7299
511 3961
5868 9592
1676 2034
500 2137
5791 7776
1257 4377
704 273
968 5087
3543 9516
3567 3496
4187 8457
9199 8438
8365 2627
1666 1086
341 8909
2815 1361
8013 1155
3339 9753
2526 8707
9250 631
3080 3180
8839 8314
8422 2518
5992 4146
1840 1970
6566 4309
9474 3763
1971 3682
7054 3148
6509 2709
4430 6716
7690 1067
1772 4664
6260 5542
3573 8632
967 2515
8171 5989
2200 8169
3851 656
2937 3445
9407 6279
314 9428
2372 7524
7074 3328
2174 3462
1103 9935
1418 5588
6154 1464
596 6127
9214 1496
7371 2407
3306 3860
4834 2497
4853 4224
520 7880
7794 6127
1466 1586
5445 1372
7272 7108
8100 4088
8597 6520
7553 5716
4754 2493
7591 8258
3358 4960
7810 887
5687 5866
260 2020
2436 2314
4102 1029
2870 469
6732 457
6075 7579
844 1396
3317 1275
512 5025
5723 8586
58 8972
8175 4096
2184 5039
7296 6659
6984 5723
9504 6232
4301 2233
1481 5591
5506 7409
2859 2703
558 9819
4121 5562
3657 5029
3333 5714
7183 3093
1321 6468
1075 7359
9095 3988
1365 4984
9715 7265
4391 6747
6256 426
1468 3164
4232 5793
2881 2620
6129 4719
4721 9949
2092 9080
7588 3767
2127 5809
1160 4826
3221 7519
1315 36
4148 5457
135 9157
752 3361
1479 6209
2590 2295
7977 7525
4091 9695
9373 190
302 7420
4845 1703
6540 524
1828 610
8187 6638
1828 7417
7624 5170
2515 4900
3645 416
3670 5437
1677 379
7953 7859
7138 9847
2989 5916
7289 4617
8075 2383
3916 334
5657 1057
9617 63
2130 4525
1985 7443
7050 4873
8027 3397
203 8583
5417 8776
4553 666
2756 8760
2845 1418
9444 3555
2000 6825
122 8423
1414 5734
5794 9918
2061 1874
9075 1176
2502 5986
3209 1623
1027 7396
6292 6721
930 1989
978 9073
9 194
923 2255
5138 877
3804 817
7913 1091
7254 2290
7300 9980
2903 2323
6370 7603
2730 655
2439 9735
5227 2275
8135 6464
4349 2973
9504 6454
5519 2308
7438 8334
3180 696
3145 662
962 7660
6577 1908
646 3473
2973 3593
4197 629
5536 6812
1230 5836
3533 3717
6159 4957
4621 9750
9725 3297
4527 3121
8984 6407
575 3446
6589 1692
665 539
878 8105
2943 354
624 7005
5626 4853
7843 7612
1150 8725
3591 136
7329 147
7805 3856
6910 1742
2780 9382
84 9103
533 693
6100 7313
1048 6162
5291 2406
9960 7570
2140 2629
7581 1229
1779 2472
8457 7441
9445 2149
6126 4746
4699 7211
1181 5617
6065 4816
9473 6227
9594 7480
3006 2483
5334 8537
7588 1106
5639 733
1065 1166
8400 4519
7509 5033
3439 3897
2639 3979
4060 8246
745 4170
4770 7363
6519 1050
559 6468
3062 2144
9191 5604
1227 2187
7005 3604
1769 1301
1348 424
4567 5397
1666 5231
2001 6153
9174 3618
669 787
1580 1598
7729 6225
2159 6261
3268 3426
735 9313
5170 453
1571 9563
9236 8212
1712 6891
4751 2065
7546 8961
1755 4768
8218 788
9943 4566
274 2089
7580 2816
9389 838
1887 9270
810 3831
7322 4641
9882 8320
3021 1627
455 1412
1985 5894
3000 2358
8830 337
1458 5951
366 2406
50 2335
8593 9095
120 1271
9314 3018
6118 5254
9161 4978
154 1506
6563 4592
4855 3577
1135 73
5051 3017
1946 9194
748 1853
8062 2522
260 6345
2886 8367
2719 4440
5269 9108
2051 3555
3800 7433
6736 2021
2793 1099
6183 3917
5317 9030
3759 3060
2400 4584
8358 1136
5272 71
7781 2343
407 3878
7687 8296
8253 2404
3036 5719
8429 7286
5961 6679
950 102
6386 2365
7158 7627
4842 2738
1594 8939
1034 7097
9769 4494
9936 7874
97 9110
1562 382
5585 5740
8500 5924
1850 6732
8607 5443
8288 6851
2770 6041
1589 9224
2084 6468
1159 3401
6939 5607
921 9464
5759 8367
9024 9686
9299 230
5471 9357
4197 3176
9989 1684
2947 7620
8276 2191
5520 2470
6198 4342
1655 8546
4059 7159
3792 5795
4838 3342
3233 8901
9737 2676
9959 7439
7086 581
5285 5014
728 5254
2427 286
4537 9671
3371 3282
1349 6550
6200 9078
3574 6836
8352 8138
7618 8732
572 5234
5530 7377
1045 7732
6468 343
7529 1
2635 917
7758 5000
582 9241
5942 3624
5750 7132
9300 1540
4100 5576
3246 4364
202 4727
4084 6425
736 7390
8896 2025
6171 8746
8718 1484
8753 8393
9774 1325
8256 7741
2071 4469
31 6844
766 5757
2981 3115
2359 1459
6009 8125
6668 5312
5929 1718
1100 7591
3871 4581
5413 2991
8065 4001
85 8276
7912 9683
9869 107
3827 8645
7367 6437
4989 1593
5866 8839
3948 7213
9660 7447
5772 1053
1111 1257
667 2058
2671 6251
3926 3146
5875 1149
7044 5775
5537 9430
17 6764
3935 1859
2062 7302
3816 2656
583 1175
2083 140
901 4025
9338 1576
1301 5377
5865 9425
2696 538
8630 8526
9789 2852
1745 795
76 1707
6491 6072
4820 1885
7196 9980
6808 5159
5375 846
1157 7439
433 4821
7223 9767
554 2958
6956 6272
7626 9390
3129 8030
1528 2040
8491 395
8055 9649
4193 5518
2619 2531
4057 3149
2283 2991
6440 9744
1494 1302
270 1928
1034 394
3593 8432
9027 1136
9081 5843
4962 8617
5908 8718
3246 5921
122 2167
2783 7783
6492 7007
4616 1871
3144 2196
4772 1764
4936 3593
5413 9218
3468 5882
6953 6722
1829 7323
430 8231
7700 1425
2152 4154
5042 1795
8384 5265
145 8721
4078 389
5203 8214
4203 8659
2250 3754
6576 5059
4639 8091
1396 6824
7206 4702
3124 1559
1042 4288
2531 4027
4821 6210
7044 936
5675 2532
8101 3903
8776 3072
6431 5010
8623 2795
6891 1737
2453 5016
9783 6755
5189 7934
1961 7856
9924 7946
4660 543
5944 488
8585 5348
1669 1390
3199 1789
7480 2281
1814 2708
5448 6861
7272 9847
2345 2183
6449 3143
2354 5637
3889 7550
1826 2824
6191 9252
2047 7640
5776 3363
4079 7625
104 4986
378 6782
6049 6351
8495 171
2730 217
6039 9727
8673 9916
5863 8353
7668 6422
1466 1129
260 4330
5390 4083
1420 4987
2141 2736
3633 8667
5823 3486
5162 4
6142 1897
8433 2151
2362 5873
2314 4771
5646 7166
1811 8121
5971 2129
3597 6622
8515 5005
3211 800
9553 5270
472 2236
1831 6345
7262 6383
7152 6396
84 667
6759 8711
2296 7373
15 7907
285 3453
5813 9906
6342 8022
2291 6576
6612 7526
6983 2168
3388 5784
8051 8794
8269 9680
885 1275
336 2630
4106 2461
4993 1512
7551 7825
8061 7017
760 9802
2924 9310
7301 68
8257 7226
49 9141
1808 1656
8492 4450
4383 8761
220 4837
9680 271
5520 1726
6702 4810
8325 6632
2726 5808
284 2302
2489 3970
3964 1165
7535 4125
2852 7771
3725 3998
68 9512
841 266
4956 3380
1662 6029
8228 2433
6140 161
2238 2667
4849 2049
7049 4405
8222 5566
3176 2134
2515 6242
7363 2148
9677 3955
1659 3455
785 1722
467 689
857 6117
6430 181
3630 4538
9844 8390
102 7005
2921 9385
5137 1988
7583 9053
6367 1529
9194 1473
4180 6959
5988 8984
398 824
6595 1097
7654 8902
504 4521
21 3473
4954 1933
5034 825
5666 58
2281 2733
6967 5168
869 5691
2829 9927
4145 1480
9450 9704
2004 8834
3241 2911
5611 1028
5283 528
7188 6394
3962 7864
8600 2566
7319 9252
3559 2082
6359 8104
7179 5239
7458 7465
7222 6573
5757 6923
1261 868
5344 9299
6842 5235
5353 4020
8412 4063
1794 6812
6882 7406
5761 3652
1272 7899
5695 5843
1536 5085
956 6501
324 1156
6689 651
4011 5940
4933 6018
1211 4949
6420 3496
4190 4649
5852 172
1224 3696
6650 3638
4408 5801
885 8135
4813 7178
5305 642
3163 4497
8552 2538
2733 5852
8939 1566
1229 7446
4527 8195
5746 2179
4206 6929
5258 5150
9402 5313
4728 5200
2354 2693
6543 7796
7150 2568
4256 2377
6749 6743
2816 104
1074 4048
4750 8966
2170 138
7971 4332
8769 6054
3179 8053
4982 1157
7587 2696
732 3930
7860 4279
5090 8753
239 1959
7973 7055
5657 4209
8148 4172
9512 8504
8820 2175
2206 6108
789 2600
9046 3262
7493 4436
77 5733
404 4668
8900 8368
168 1055
6115 9213
5794 130
9855 1978
6832 5013
3327 4890
1300 2648
9675 2490
6613 5837
1958 4388
9492 5504
2830 483
3362 7028
8497 953
5184 5647
1555 5598
8103 5033
477 5946
9082 8225
1624 2196
8344 7633
5370 2603
9990 3283
1600 4438
3180 36
4653 9655
8351 3400
8946 133
1872 5294
2591 2650
2178 9205
5320 5706
529 4751
5723 229
8786 9669
9185 3775
8885 6652
916 7038
1682 5190
3760 9075
4547 5851
6428 9261
9422 2234
7819 3162
1351 9547
6462 1264
3459 1847
7372 9595
3503 7946
421 8247
7954 5255
3587 5761
8736 5420
114 6617
8593 3336
9266 9019
2337 9371
2747 6526
9513 7645
2816 9483
5727 5106
774 3202
3081 5307
3991 1594
4215 4592
5858 3224
8850 2701
3286 2323
2703 6763
1375 1269
3849 5153
8639 9236
8238 2763
1793 6273
6344 2201
7482 7520
8992 3371
9985 9146
7086 2715
4400 80
4387 6283
2651 7120
186 2194
8609 5517
9500 7889
6897 2426
5332 7770
1503 9815
9538 5971
1078 7599
6852 5399
4464 1889
3506 9054
1268 5742
9656 9663
9696 4082
6873 9619
9671 5095
7122 2539
4524 1446
2366 8244
7136 4719
4600 6938
3193 1500
9125 555
8067 32
2723 6430
3819 9557
1693 1876
8362 3911
9729 3133
1150 523
1827 7278
1279 9349
2339 7778
8945 5176
140 6126
6341 9822
7967 3641
8149 9082
9952 7548
9552 2908
6558 3111
3010 7078
1577 404
6024 541
5455 2575
1907 370
5000 2486
3931 8049
6659 574
8885 5817
32 374
9784 2605
5423 5792
988 8011
569 2365
580 5995
5710 4024
4142 1658
8478 9286
7273 4024
1436 8829
2518 3550
7744 9010
1266 868
2892 1591
1539 370
3777 7605
992 2213
3410 2694
8198 1621
5129 2663
2760 6101
8441 843
9495 90
1621 2643
6147 1487
1487 7965
944 1272
1475 9467
1789 3446
5828 7350
1505 955
4247 3282
7286 3758
351 6115
3674 2833
2313 4944
4884 3233
7769 3240
7684 2590
1988 6210
3246 8796
8640 1913
4249 936
3208 1480
3955 1231
3941 9602
9719 2044
4378 3413
1473 6624
3886 1984
8721 9687
4703 6258
607 4440
5925 2277
3038 653
1700 9036
1891 3317
9607 3368
7976 1222
2793 1521
5548 4566
7685 4259
2830 1532
2706 1783
5690 6163
871 5924
9283 5343
2181 4197
9073 9970
6052 8716
1756 4737
8478 5175
4730 1155
5852 883
1238 9770
5677 8302
7074 3605
1198 4162
2126 8596
5063 5486
7561 9230
9074 7719
8710 8080
225 9663
7683 1575
8816 7476
7447 9344
4569 7533
4362 2685
5287 5473
6090 8267
4605 2152
5595 7234
599 9077
3534 8605
1185 469
2965 1418
1015 9617
4997 4067
7149 6874
397 2511
5792 5942
5590 6867
3356 4021
8252 5949
2272 5082
9229 1826
3455 1174
6431 310
3992 1239
4854 3740
2568 449
9878 7055
1198 2491
774 9057
6863 590
9430 7537
540 2889
1842 7586
5521 4168
1048 1561
383 4582
1990 9607
3404 6785
1463 1961
393 8733
4064 6844
4612 6924
693 4741
2271 2444
8850 3920
577 6113
2487 1846
8604 9557
6499 1365
2879 2509
6724 3339
2412 3006
3118 4194
1228 944
5291 4515
802 417
6545 340
13 237
5434 6275
4402 9741
1136 184
634 4829
2135 438
3672 8578
7264 8723
4541 9660
283 9369
367 1849
3228 3291
2072 4459
6306 107
5435 1002
9556 1771
4300 8508
4076 7731
1440 8804
2489 6195
6674 8665
5359 7049
2488 2281
3714 9765
2453 4014
4979 8171
2705 6767
8650 1417
2838 378
9460 8538
956 433
527 2106
1367 5938
3156 3915
6447 9291
9636 8183
3937 94
1239 5847
4404 5457
5600 9715
6926 42
2325 8075
9864 345
9277 3750
4335 598
2427 6648
3245 44
8762 3593
5176 7270
4697 1140
4472 9482
6714 269
6031 7667
7110 807
9060 4291
4547 1685
1104 2760
392 607
3197 2094
7951 584
7436 7558
6668 13
166 870
974 1904
2517 7792
4516 6150
4244 119
2498 3389
1092 7712
8564 1875
7008 9126
5122 8371
2659 7728
8276 4337
1577 1222
4920 1800
8612 4242
210 5713
3264 3636
8515 7831
5784 3337
4989 1033
3706 3340
5941 4671
8392 9869
4986 7729
6321 5538
998 3125
8704 9355
563 5495
7555 3866
2303 701
1630 9715
1027 6795
529 464
5680 1749
200 1352
8443 4
17 9281
5099 5291
1731 9859
9552 8554
445 3263
486 1650
2573 7056
2859 2890
130 7553
6861 4641
8628 8047
6423 5045
7474 5937
334 9155
1052 8757
6535 5392
2323 3932
8203 7080
1581 1177
5389 3270
5886 3430
7611 2003
4275 6328
100 5761
3056 5043
1066 4394
4573 4929
4727 9285
524 8799
1588 6202
1998 4089
9176 1653
679 5751
894 1456
7407 631
490 9532
4522 5166
9965 128
1114 441
2711 390
3764 489
8189 321
7265 3822
9755 6004
5317 4723
6587 5855
9525 6426
7303 5819
2660 121
683 489
2575 8342
5567 6501
5755 6223
851 1553
3227 1517
6603 3487
8902 7738
2750 7902
103 5968
1882 4266
6711 1844
6490 4509
185 9859
107 8122
3988 6587
2491 1372
519 4973
2354 2074
2663 1282
8214 7997
9116 9452
9786 8805
1565 334
2838 505
3785 1454
6973 6334
1545 6922
3258 5371
6130 89
3341 298
7902 9924
5877 5344
7501 1732
3614 5649
312 254
6333 9694
1815 7452
217 1600
6835 3213
2253 3850
142 913
7451 3210
7570 9181
4563 9536
5112 3366
1012 2818
1322 764
3346 2607
9851 1444
8665 2594
7445 4443
737 5834
1026 6503
7954 7560
9007 1008
1130 1544
1071 2752
1229 7396
60 7542
2716 3221
2179 945
5385 7659
384 7739
3738 4639
5031 3636
2316 9783
2022 2081
7753 2426
5447 9205
3005 9413
8826 8046
2550 1245
8530 6995
10 133
2430 2317
9134 7762
747 2931
5284 5533
440 874
8836 1881
571 4988
7630 5590
9522 5561
2190 598
445 3164
4706 8622
714 2816
7000 2335
5616 3138
2059 4165
8384 3512
944 6847
9832 2738
2252 8656
3291 4352
2296 6053
4062 4421
9768 4361
8035 5274
5192 2134
379 9302
7880 5388
6616 3501
4073 2710
9953 5062
2824 971
2538 8065
1611 2051
2979 8792
7162 2444
2719 4822
5184 2299
8696 6934
1073 4710
8704 7469
846 2865
9051 1850
1143 8647
2156 2445
769 6460
302 8886
9848 769
3188 2607
310 4536
7634 8365
9141 9352
1725 8626
3201 5347
6032 839
3218 1222
3585 3625
2345 4816
2020 8353
1368 6071
2175 8920
7031 4488
2717 2346
1700 8045
1686 5163
5322 6116
8542 6503
5574 7805
1453 734
2230 7812
2160 2225
1666 9984
3951 3846
8592 6827
3214 6898
1987 2372
5191 4663
1907 5585
1623 5419
9667 7720
1992 6219
9567 960
3280 7104
4868 499
6104 1346
21 7431
1535 6026
1834 5822
288 6236
4828 8394
6625 3349
1919 2693
7245 2801
9087 6432
1509 9696
1598 1754
1122 3193
8908 2820
5023 9072
1992 562
5252 2053
8966 1524
6981 4957
8466 5062
2301 7524
9236 5829
4613 7954
3877 3683
5290 6158
5200 3293
2462 1777
9132 843
8701 7661
1081 1639
2546 4621
169 930
8763 4142
1634 835
3083 2271
4561 1
6142 1365
6337 6100
6834 7666
8828 9030
1029 7255
5985 320
169 7111
9398 4418
7407 8126
8464 1411
4691 2049
5345 4970
4644 8600
2465 156
5559 4538
6912 7207
9948 9415
9130 1294
4081 6588
8765 86
7077 7235
119 4016
4848 3385
548 649
833 5556
838 6782
5897 7428
8325 5860
5654 7800
8842 7702
5730 4405
566 9216
5533 3651
9720 3084
4440 8297
2239 779
804 5242
2621 6007
7850 2671
4525 9206
1788 5079
2630 1985
7899 140
2639 9974
1003 3816
4486 4042
2212 5064
8828 67
3931 9584
2083 6566
8832 7983
3291 8236
3257 1813
1449 5803
6127 6514
7065 8498
2294 3216
8438 1908
6339 8419
71 2425
6346 1184
6060 9329
9222 7484
1561 2538
924 1350
5906 884
9314 5848
6985 2787
235 4410
1971 2501
1158 840
3857 5669
3593 4486
4734 1023
1384 2736
4500 9828
2091 3062
2101 7136
6574 1480
6886 907
3210 7246
9982 5837
9700 940
9408 102
1220 196
1428 3085
5561 9356
5453 2134
604 4801
5399 1689
1570 6876
6991 305
9558 7844
1320 7858
4150 1876
3947 8191
9468 799
510 6347
480 81
3208 7982
2139 7720
1700 2426
2015 771
2356 2511
5766 4233
1721 8619
8265 6238
704 710
2051 2545
4302 2542
7428 2345
2911 6142
4825 9697
1099 9684
1132 641
3755 9571
904 3536
7610 9446
6033 5415
1631 2918
2433 5319
4091 4414
133 8462
1518 6636
9322 6646
1806 1819
4722 4334
4971 5247
6395 5789
7228 1009
578 8836
206 5676
4643 51
319 9255
8725 1391
1366 980
3172 4755
5845 4023
2510 7268
1873 2411
5875 6553
3698 6978
9942 5371
2342 268
4969 618
7322 5066
6728 8656
8284 6915
6933 2138
1163 6550
4036 2883
5136 8593
2535 8931
7729 7521
9725 9689
5234 6635
7126 5604
2783 6123
7066 761
8265 1931
3323 5424
8909 4487
8632 4639
6427 1566
564 4363
4420 8379
8742 1852
3077 5316
1522 1169
9588 99
7240 532
553 8340
475 6831
3743 782
2901 9119
4235 9701
681 5607
6924 9791
8169 7400
9635 486
7545 5456
709 2445
5220 801
6350 519
7581 8948
1449 9300
6120 685
3341 9133
9771 1889
1434 9298
2623 5141
5541 4546
8251 728
9248 1083
51 8100
8397 7731
6332 8305
8052 8806
3140 1083
4371 6768
144 6677
7974 557
1958 7117
7367 8287
844 434
9815 673
1472 1299
1262 8938
921 2810
7328 3587
9054 8442
2529 3324
4598 5492
1882 7100
3311 1824
7579 3672
5091 3994
1235 1654
4248 6267
7423 2114
5975 746
3023 3489
7520 3378
5967 4084
2795 806
8325 7647
1090 3442
1798 7099
6461 2067
574 392
6606 5466
7439 6807
7519 6397
7945 8263
7016 1727
9324 2894
1125 3570
5370 4219
1671 473
8016 7162
2730 7826
4038 1495
3831 4196
5301 6550
795 1702
3304 8562
3960 4993
9207 4949
8970 4614
9456 5640
2652 6562
2678 4411
2540 6577
7503 7223
3197 2225
4024 6850
7724 3913
5372 5715
1621 6809
3157 8982
150 3299
498 2146
7444 9467
6393 9449
205 3532
7295 9696
9150 5451
2582 1952
1846 1599
246 3676
1434 1585
4400 6101
2298 1568
8942 6010
6100 6232
975 4899
760 4388
6146 1263
3660 5730
768 9325
3969 4967
2095 5928
1797 850
7924 9543
5418 7397
7369 5412
5782 2049
575 3834
1885 4689
469 7669
6205 2426
922 1845
1912 4961
9952 3923
343 6701
3426 631
9452 431
199 7721
1481 8528
1383 4406
1615 2426
6205 6613
4010 3193
5006 4939
6667 6867
3081 2172
7542 6965
7887 5027
2734 1936
725 3252
5293 3077
952 8160
9528 5597
4288 808
1921 2028
1128 806
9711 4838
9804 6584
9484 5138
5636 1342
3278 8622
81 2279
4712 6435
8854 2230
5409 1931
7449 4731
9142 1633
5417 2671
1819 3064
9985 8816
7975 6510
1886 1742
961 1409
3086 9749
102 5779
2506 8172
4797 7402
1110 4173
8988 732
3526 1671
5803 185
3747 1728
5353 9689
990 9198
399 7896
2019 4952
6258 9374
3874 1720
3069 6916
5611 2884
2126 1860
2840 7597
3519 7584
1519 9160
6168 3062
8167 8604
6227 9939
7883 7194
5761 7877
4558 8739
8555 3781
8062 3079
4522 6869
1099 5674
1259 4758
4346 3420
190 7902
5957 2217
3726 3240
8533 8126
422 7179
1763 8717
8209 288
5531 4739
9491 4606
9570 3800
3254 2408
7657 9414
584 5786
8594 8349
3363 800
3667 5607
6220 1736
6665 1672
609 2600
4015 9848
3213 2915
2623 7508
2493 8328
7000 321
1272 9899
2193 8387
6218 8553
4989 2525
5090 694
2415 7689
269 2297
5359 4347
7746 1738
798 1569
9648 826
7238 8222
9908 644
4550 3671
9040 2547
13 2253
1432 6021
692 2477
2846 526
4417 6100
7057 7775
6873 8678
1009 1737
310 6897
2359 5133
745 1789
8931 5
7650 6728
4869 8520
7902 175
4256 8362
6928 3967
363 1314
8819 4781
3290 9729
4942 1714
2797 8224
2841 6732
2136 232
9583 5633
3251 1383
8853 2645
9602 7458
1034 2269
1895 774
8527 420
6534 884
7513 6783
6826 7437
5813 1053
5846 25
203 3297
9759 3774
6678 4306
1112 1359
1651 5282
1981 1571
2328 4254
3717 6360
6119 5798
3778 7719
6066 382
714 2153
6177 4372
6875 6587
242 243
9098 510
1249 2663
7149 2243
8537 2593
4618 5621
9625 1230
4639 1782
5562 2707
2548 2351
9040 4459
9982 1906
8415 6469
5317 5602
1968 8295
2168 7046
6164 40
9775 601
1000 8445
8081 7526
6825 3218
4087 450
1258 5675
1216 4186
2276 59
6583 5231
5038 2212
8963 271
29 6592
3613 2662
6877 9697
9959 2101
4192 5172
2123 3249
2551 2699
5729 5759
3743 3146
1861 7439
4478 1474
696 1494
7214 5405
5526 33
2296 905
5849 9222
8085 169
8092 621
9233 4839
338 1120
433 3567
8535 7263
3638 9832
6103 4695
2515 7012
2270 643
3548 3835
1504 9731
607 1042
8298 412
8103 4738
3064 4016
6318 8118
2152 2000
7539 644
3455 6783
2013 1888
8923 3913
2175 3838
809 7092
1852 3719
1624 8278
1212 5853
6590 8231
2016 8002
4729 2488
9922 3030
5864 5988
9489 7328
6715 3478
476 847
7832 5083
2620 3840
9648 4170
2407 9363
8753 4561
2562 906
4381 2721
6551 7442
1739 1340
952 7125
4941 1006
2626 2990
5105 1483
3381 654
3612 1431
3059 2607
2052 9788
1431 6328
748 7623
4297 3408
7206 3715
5407 4950
2516 8811
1589 1936
8335 7786
9024 6914
9964 1477
5727 4178
1708 2923
9267 3530
9426 3628
3249 9901
7531 7976
1414 7758
7017 9097
6906 8093
1808 7252
7704 3731
4453 5548
4685 2256
595 8536
7791 147
48 8037
608 8506
4959 3279
7747 6282
4423 300
6414 4593
4053 2809
3792 8042
6925 7577
6709 658
9959 3947
2264 6633
7832 1628
2680 6442
1101 638
910 6638
4655 1751
1598 8541
6980 8828
2140 9047
8082 5839
9793 899
8698 5222
814 294
930 6207
352 694
195 4817
3989 6239
3972 2676
5981 422
6967 1684
4757 1100
2467 610
9360 3669
7185 6396
5095 7929
1867 4333
5267 6459
6914 9464
1287 7432
3167 3361
9123 8450
3884 5261
4967 2174
8947 5707
709 2475
3671 5347
2267 821
1379 5070
3039 3928
3360 8885
1979 7768
922 4031
4891 192
1445 3094
9508 2810
2524 6041
648 8223
5226 151
9383 7263
9741 2970
4856 6002
9527 306
1864 6288
2967 6980
5346 4479
8887 4210
4721 4907
9607 5644
5362 4443
8939 6984
796 6818
8800 3710
3796 498
1253 8743
4141 1368
856 8104
1053 6756
8446 6857
2998 2263
790 651
4706 66
4448 9128
3504 4428
4266 1277
5247 6676
7804 9782
4264 5816
9317 2761
3778 2582
1829 2534
2704 4785
477 4445
2109 8375
4403 7536
4442 3936
394 1787
1415 3321
1858 945
2305 2913
7692 5497
8827 6707
7584 6217
4512 2134
2306 977
3207 9666
2419 9099
6792 7620
468 5025
9935 6851
6976 6496
7695 9076
5466 5788
7640 4763
7461 7509
587 5683
9123 1496
3949 3936
5120 1560
5467 5139
751 1374
9342 2061
8549 2094
1919 407
213 4269
6620 6066
8572 128
8043 3115
2750 7751
1262 1729
8737 9978
1607 4026
9784 466
1406 3954
1154 1627
6546 166
5781 1128
2381 2432
1348 184
9082 724
5545 9064
4427 2250
1663 6441
9030 1292
1599 9699
3728 4979
461 2826
5181 6270
7348 2224
2166 6403
5424 1083
8188 4056
8810 8808
6092 1331
7545 8112
3076 9345
3206 7690
4725 6757
9857 1218
761 2049
1651 2281
4967 2089
5779 1068
3844 1174
5933 9049
764 1577
4336 9599
1858 9617
2167 981
5492 1662
3930 3934
5251 4086
4694 892
6289 3289
4058 787
8828 2560
6227 6911
1242 1291
667 265
6693 75
4413 149
217 4893
8828 159
43 1160
164 2840
6397 1449
2897 6251
9679 3197
3487 9109
5304 3438
8002 324
9846 7042
5095 3631
8994 401
8395 2055
5543 9205
2570 6125
2644 8582
8202 1828
9024 4503
3562 2039
3102 3835
6901 4206
1457 4733
1211 8637
2594 3918
3793 4478
6991 2911
2776 9409
2070 7890
6140 1392
4307 1836
2174 40
7574 1070
1828 1445
3337 4196
5103 396
9008 4317
6765 3023
5009 9949
7009 3773
9158 3791
832 5048
1697 9087
7468 907
6191 1815
5606 5468
2384 5512
1440 4654
1943 4827
7441 1930
8541 3528
8444 3887
2154 9048
611 8471
4710 1606
6472 2972
2333 7243
2421 8843
882 3226
6589 1719
7253 5352
6866 5858
7431 976
6103 1352
1789 5751
73 6748
1220 7291
1994 3718
757 3761
7694 4093
7033 1200
8874 8850
7934 6344
857 445
8026 4487
4001 2365
3023 2333
54 9146
896 7710
4509 6748
1635 9320
3124 7137
8983 6245
3376 2491
440 6547
4566 5049
1169 8963
5470 3720
8114 9983
2341 3288
7634 767
8322 291
8678 637
907 7996
5250 9464
8057 1621
9567 6134
58 5956
462 5422
6661 2502
3164 8917
3379 8739
7335 9398
9500 9589
5200 471
367 4116
5233 1466
9079 9875
6801 4338
7994 2849
6758 5959
9059 3672
6618 4683
2707 1066
5313 5821
9603 205
2137 9198
9117 8644
2307 2979
5116 2625
6161 2474
2337 4679
4609 4720
7783 5189
4617 4322
2713 224
7171 1187
9043 4767
8459 269
4663 877
6982 9947
4705 1754
8598 839
9596 4323
1116 8912
1222 388
2605 238
4641 5579
567 1865
7932 1695
6757 9366
2066 7185
9266 5107
5985 2001
5403 4390
8958 5412
4408 1808
3687 228
5036 7944
8232 3113
7050 678
402 1207
3547 1436
7577 7960
1709 6812
1165 91
9726 598
5884 4108
2378 6416
5381 1095
5169 5356
384 6935
317 8612
1949 8404
3042 4201
1274 5661
7190 7724
7224 2033
8179 7788
1504 740
4891 1138
2178 2464
204 9802
6831 1914
4100 5315
8104 2999
118 6599
4869 3791
5693 7375
4107 449
8849 1185
568 5927
2408 8236
5472 3978
2031 7206
6846 8921
760 3459
1043 599
2278 2809
7634 2067
279 3506
5312 7291
18 9441
2870 403
849 5544
6761 227
8864 58
2491 5647
3527 4669
2611 3387
6340 1650
5163 814
8221 8359
9816 438
6373 8876
9391 4877
556 1430
9078 6011
9276 4785
5977 3436
6049 4841
191 8530
1368 2634
7324 2638
9004 5446
8087 7995
1453 3735
2542 5276
7202 1926
5305 4856
1392 2379
3261 8434
2827 2726
691 8126
9708 4190
5848 3936
884 5720
9429 8615
2049 314
2641 8027
1710 7728
566 2467
7888 3966
8977 4474
8654 1751
5230 1954
5344 4510
8772 8601
8779 3612
6189 6764
5003 1569
6969 7961
7667 7374
419 2361
4002 2386
1620 3486
6614 2947
2390 6697
805 6895
6220 1120
89 8628
9296 8462
3644 2653
2748 91
1125 7966
2526 285
1793 5954
2198 2111
806 498
3857 4113
7731 3257
3035 1232
4172 8502
657 6439
7237 3266
9925 8470
8973 387
3653 803
3581 5472
381 926
3600 6709
5868 138
5813 8729
1685 1832
4659 7294
6888 5141
78 9689
2960 9560
8631 531
6141 2677
4392 639
277 5861
2095 8061
6438 2329
5386 5054
6928 4140
8197 6729
4369 1305
2976 6397
1184 4814
149 392
334 3647
9128 3560
8602 1774
2496 2208
8836 553
9653 4461
8596 3172
7274 9721
9468 6089
1164 1376
475 1613
7931 3650
5396 4629
3834 584
2046 3128
1986 5001
9773 1991
3772 4639
1697 2794
2062 4374
717 4909
6740 5301
3498 828
579 3873
3773 9290
7659 5694
7479 3000
9611 7367
9996 643
3578 3568
8455 3855
7603 3993
9995 2227
1375 5046
7884 2549
1882 445
4671 1976
2319 8848
1968 8099
3573 1595
5139 6068
1790 992
4461 1269
8301 6513
8435 6813
7576 1678
1891 4618
991 48
6706 3341
5644 6485
4565 9815
299 1501
3876 7683
4924 371
1052 6499
2678 8865
261 3024
5118 8765
771 5468
2856 2920
5728 298
301 4666
4970 1889
4399 1814
360 1245
457 6851
5811 5606
3914 8429
6883 421
3267 3033
632 6388
1502 1465
586 5381
1074 6703
8595 9654
389 8228
7803 7955
9169 1867
372 7148
6634 1138
7863 4313
7102 5321
4686 2556
3118 8087
9764 2742
7933 649
8954 8668
214 1147
5708 3595
3267 2076
8483 6730
1803 4509
2572 2495
699 507
9145 7956
9225 2445
8102 6779
8741 32
926 8304
6560 529
2271 8590
6913 3850
1564 4789
5542 8401
5506 9515
2712 45
8285 7376
6259 8107
4395 7398
7124 160
4097 2416
259 7823
877 874
8707 397
8796 2106
1144 8388
6140 7142
2840 8389
2373 2278
1397 753
772 4683
9530 2586
1448 5585
3940 6869
9616 2000
4243 5523
4708 4713
8849 3632
7972 7455
2210 6491
926 5459
5869 4728
9556 8965
1290 7906
5356 9208
9324 3397
7050 342
6785 635
9787 1427
8823 4612
8259 870
801 6412
4986 6805
2363 504
5923 2609
7402 9041
13 5938
6920 1348
7149 7092
1406 1161
91 1426
5282 1331
796 1889
9412 3639
9648 9985
372 6656
5101 5503
5718 7762
4540 3966
6424 9502
9410 3816
6003 54
1586 4432
9808 7090
5536 5945
813 9265
8985 3628
96 2756
450 8886
9756 7239
5742 2416
4610 7057
5828 6020
4249 6863
1344 4780
8752 8732
5097 8252
980 499
2307 5139
8302 3992
7782 2414
3470 8452
7278 8287
4542 143
6436 3356
4800 6659
8381 5962
8585 1375
8114 539
4594 1657
672 8374
4253 5032
4400 7254
6101 2624
601 37
7193 8367
6165 7547
6282 7304
5810 3953
8723 1934
90 1483
1705 2243
7941 2870
2066 1137
1613 5806
6827 9673
626 9956
7157 1211
9647 7389
3615 4869
8797 4414
5066 9727
2182 2086
5257 7830
2717 4189
999 839
7500 1916
6734 2223
7630 1469
6917 2144
9662 1029
8425 791
448 9742
2720 4348
2383 1082
2106 2490
3750 2404
5992 7391
6546 8169
9346 3318
7271 4168
7987 5539
1203 1926
9096 7183
6256 629
7721 3397
4814 2342
4279 5547
3904 4028
1687 4725
3366 5987
5869 1398
6219 7617
605 8345
880 3164
9373 6016
8808 6844
7327 6218
181 4018
9870 58
5459 2537
5623 3701
8836 7275
3915 6829
5900 7959
8593 2428
5341 3922
5537 7090
1494 8044
5022 2147
7095 5829
803 2219
9497 2944
3218 9028
5404 2086
4777 1673
9712 2686
7255 5067
9943 1355
1501 2644
5867 6151
4535 5210
7501 6399
1917 183
7694 6686
1925 3254
5249 4622
9276 6112
7104 2044
8117 1624
4286 9724
9713 5204
9085 7118
5808 5470
1105 5967
1382 585
4373 2066
561 631
2716 9088
5994 1946
6843 2622
2250 1466
149 2159
5071 9767
6694 1497
9968 8704
3461 4684
2445 1715
3715 2416
9962 9925
6201 7726
9773 1668
4818 5250
9814 2219
1380 7359
5087 470
2725 5476
5188 4247
283 3518
341 2072
7236 7502
3274 2626
6007 9948
918 7389
9339 1244
4958 2185
1095 4640
7532 9261
666 254
5391 2238
2028 7972
9461 4498
7492 8185
6492 6100
8891 7941
7414 8107
2224 8499
3563 2791
4222 7126
4947 7996
1755 9579
1524 9202
8099 4414
5688 3547
8213 479
2483 8919
715 5685
4020 2357
6128 1459
7402 4731
2893 8827
6025 9767
756 4545
4620 103
2385 289
1757 4422
669 5636
1411 2200
1509 7214
9916 8136
9355 1563
6235 303
4411 1116
1075 264
1985 2093
2949 4882
8425 2041
7782 1302
294 703
4021 5897
8456 4902
5979 980
2008 2015
5700 6674
2069 9067
525 8986
1588 765
1119 7630
7603 112
2043 2323
2943 188
9189 4498
839 373
8934 7614
2832 5349
7597 8551
9610 1660
4118 6030
3907 6325
8190 1322
9739 1226
2470 4410
5240 5882
2630 8108
155 9914
4051 6686
5250 6394
3203 5795
1935 8009
8673 8728
1497 5708
4973 7943
5009 2651
5622 5820
728 9484
3706 3574
8159 4645
3645 3376
7935 2492
8984 8753
4987 225
3332 464
754 1902
327 6956
2729 1597
8062 4252
9481 4011
4028 7154
7492 6892
1810 7253
6270 5727
864 5135
5722 6131
1050 1668
5666 5018
7726 7012
3163 4909
3525 2051
8600 1216
2456 7671
6222 4712
38 1681
2808 8570
3667 3536
1883 3093
3107 4050
3325 2595
2071 6445
34 3260
9094 2957
23 2892
1888 4606
499 4758
8447 6029
6298 4921
6975 9130
1860 5090
480 865
5870 5473
3818 409
2223 9664
1184 7819
5821 8178
2455 6679
6848 9465
6825 8804
2664 1627
8293 1992
955 7493
8250 1031
1426 1376
2292 8494
2772 163
7141 9538
355 6889
968 5364
3462 3637
8514 2520
3286 1107
3705 3751
4973 641
3466 354
5307 46
7558 1127
1547 3297
8797 1881
2694 9485
606 7195
6839 7060
5180 557
783 8297
1557 4730
841 43
3280 5537
2544 6095
8533 4307
8591 2380
2882 6636
3578 7517
3018 7174
204 979
7824 4682
576 4233
5141 2633
8387 1532
4398 6362
2810 2954
4122 8036
7744 2538
8307 5534
8787 8397
674 2036
9408 4435
808 1805
7627 3953
4570 2332
8532 1809
7708 1732
6679 1147
146 943
962 7331
4771 48
9388 7427
2687 4615
9540 1706
5522 7366
4503 1045
2121 1058
39 717
389 5132
440 5345
5902 7536
2892 3989
8233 2141
5442 1835
5357 9766
1787 6834
2610 1529
6301 4364
9531 7006
811 6132
9798 2706
3317 5919
5890 6997
619 4834
7712 2704
6136 5461
3421 9691
8861 2647
6591 8446
1371 146
9837 1014
69 2111
2708 6907
7702 6957
3495 6480
8127 255
647 1114
8915 5444
8788 2516
2198 91
2434 9570
6131 4149
2863 7205
8461 9837
4612 7231
4569 4310
8139 7031
7002 4933
6192 9103
7805 3407
1674 8580
8966 8211
2220 38
5050 9819
8647 713
5039 6719
2691 9290
4673 9034
5454 9990
166 4545
8771 8504
740 7570
5838 9969
7457 1225
4367 3389
3659 6297
9421 7587
26 3833
3310 9277
3843 8092
8788 1722
1390 9110
5722 4384
4378 6588
3439 3925
1663 9915
178 1856
8420 3707
2303 9644
5522 6613
408 5693
5145 3219
1416 3749
5522 7880
5652 5449
7476 7088
1859 8880
9947 8584
3408 4188
7926 8289
2861 6396
5391 4321
5657 4768
673 5355
5157 8447
4501 880
3204 4294
509 2310
2290 1586
581 5272
4551 4128
6503 6942
5995 9794
8622 6158
7804 3157
829 4467
8013 6289
1936 4765
2834 7073
3 2921
3049 9203
6914 3507
5211 5362
8065 7785
8772 1586
4013 3393
3790 4939
8770 1102
7589 810
1775 9775
2839 868
4199 457
9754 1229
3865 710
7810 3721
7906 126
8419 9008
1729 901
1828 1879
8956 4404
7541 5740
7681 1020
6258 5394
7727 793
2360 4238
2982 1540
5384 7553
1980 443
8890 4808
1266 5781
5795 4784
7014 8464
1962 926
4362 6398
3096 7486
7157 3008
4606 7545
6057 6625
2251 893
2421 6086
1517 9432
5035 8787
8648 7492
948 3618
1093 4890
6835 3297
2173 8224
24 1049
8167 2292
4982 262
6462 942
2246 9444
4230 3697
3901 8374
6704 3651
4732 4829
4524 8942
2711 1943
6014 8389
3480 789
9221 8074
3556 738
1432 8815
7998 6001
7009 6412
203 6918
1246 6129
6630 5640
8934 700
6885 8597
4730 2077
6604 5414
7404 9592
1696 4965
1043 299
9246 541
8223 2465
861 816
3771 1990
9298 4750
5025 8092
322 3253
9714 3741
8317 6836
7797 5490
2665 6549
544 5859
5581 5082
4437 1408
9663 7671
9167 2864
9056 6464
5773 6599
1862 9332
8494 8301
650 2042
4238 3645
7620 3083
464 668
2611 8817
2620 2043
881 8414
1307 8109
4807 8848
3697 1453
3501 9572
457 6378
1012 6536
6103 1588
4424 85
2314 7884
6080 5933
6001 2583
6359 1617
7808 7844
416 7910
4531 4766
9318 73
3282 7059
258 2273
8741 2758
9312 7108
2394 6258
1588 972
4469 1744
89 3803
6583 4299
7978 2253
4386 1458
1717 9294
2395 9629
3772 9292
2913 5108
510 4333
5678 3293
5206 4228
9692 7092
6882 9184
2633 271
7319 1605
1614 115
6850 5375
2828 5153
4338 2916
7256 2789
852 5178
585 9969
9247 378
5407 6021
1746 8163
2342 9746
4059 2433
2155 495
3514 6095
2399 8539
340 2506
2074 1252
220 3848
7218 1480
447 3146
3499 601
142 798
7841 7926
9010 200
3444 3657
5691 993
3459 4475
1289 4080
8301 4974
4655 5065
6931 9068
2853 3827
4178 5676
6621 735
5024 3894
9960 5941
3029 2119
7946 7377
7036 454
827 5566
6713 5671
2527 881
461 8960
4201 7978
5784 1275
507 5782
9502 4988
8193 4569
1742 3715
1695 1706
7231 8131
6599 7615
9547 7140
768 4763
8449 6855
2531 3829
8693 1225
8888 1115
1115 5961
8465 6246
8820 1644
4949 9327
1864 4545
1456 5971
7909 3361
3064 4899
3926 585
6915 559
9480 3131
5400 804
7001 8786
7555 5652
3889 981
7853 1909
7830 1661
4283 3244
9882 7066
9381 6475
7640 5571
1642 5353
5776 9645
2034 7073
8142 1695
8596 7710
1346 1827
6778 9205
2251 5790
2161 7779
5061 1572
1717 2105
3189 4598
5757 7717
6930 29
3347 4931
5095 3788
2279 6115
534 3569
1892 221
9247 5324
1090 9779
3617 3699
7358 8901
6704 2533
983 1963
8760 5597
4762 8542
7185 8426
8753 3416
19 4525
8375 2094
9900 5570
799 3898
7328 7635
2373 7726
9552 7689
4981 3558
6862 3492
7740 2989
9200 3261
412 1571
7027 8234
4947 9453
1681 1922
3037 4637
1926 7746
7977 9524
9600 1343
1930 8725
629 5852
5199 2668
3242 7358
6453 9151
1601 9150
8812 1492
8754 8415
743 2211
1229 9554
2216 2765
5950 6214
8443 4525
9218 1155
2113 2941
7450 2185
464 5629
398 964
3001 2288
7444 787
6219 4439
4913 121
9606 6898
1790 6947
2338 5571
991 9436
193 7798
3904 318
4866 1231
6720 4953
1655 3298
275 1529
9562 184
3155 8914
8699 1825
8391 9551
3357 6149
4902 125
3906 319
2141 6769
1156 2188
8656 3729
4486 6336
9630 5601
7802 1755
5816 8076
532 2938
611 3462
7982 4048
3675 5456
589 6839
9722 4812
5316 6017
698 3313
1944 5332
9975 2609
453 2070
8665 7017
2687 9860
9088 8552
8346 873
3377 964
814 3902
5633 8890
9013 2189
4991 9540
1719 3658
9718 5616
4073 1860
2450 3646
3169 9672
1172 7082
1853 9607
945 5387
532 1241
2880 779
7660 6674
7299 2793
1022 2388
1621 6603
9848 117
3926 1623
7121 3
6835 8900
9970 4805
8569 8284
3475 3539
9018 5157
2580 4201
6449 6433
4045 3048
4547 9010
5271 557
2040 4242
7197 4294
5032 514
4973 1122
8329 897
2740 3289
1400 8416
6185 3756
8485 8659
7976 8526
372 9690
4386 5795
9921 945
162 4776
3972 2325
5236 4467
7541 1960
9057 2444
2498 9655
1710 7340
4303 8058
2038 2324
3917 1339
1492 3698
8190 9403
998 8688
568 3121
2927 5950
1592 9524
5036 2849
6745 7692
5513 3659
4773 4099
2772 9356
9754 5410
5746 1449
4513 5305
3856 3917
6763 7199
9197 158
9165 9419
3319 6705
6814 8546
1155 5696
8255 434
6801 619
7562 4430
1359 3933
1261 7547
3724 8944
2713 9818
2832 3907
7110 8040
91 731
9722 2338
9275 1976
6682 9117
466 3258
960 8644
7622 451
4957 8979
7275 1135
1296 9748
862 4401
7256 3464
2051 4815
1927 8969
8786 4018
1271 5933
8013 7895
9985 9293
3462 8537
1500 2103
6110 418
9491 6753
945 639
7771 1967
256 1604
1923 438
478 7488
9564 6210
6032 274
2587 2373
559 6092
9964 7393
5184 7463
3849 7416
7398 2536
3708 9026
1445 7185
9074 3023
874 9995
6560 9405
5994 8930
6362 3948
3960 8929
6017 4416
1467 16
7293 4663
2399 6059
7180 2332
74 1189
6090 3947
8482 9981
8881 6501
1342 9488
8242 8262
1690 2799
3909 5574
3951 1410
8942 7309
3426 9468
2705 5451
5068 6737
3286 55
6922 2086
7936 6629
7605 2216
5051 1245
8020 4656
3620 9882
2657 2949
2942 5632
3274 2179
4498 3490
5577 5339
326 2675
3830 1466
6737 2651
8299 8990
750 7884
4040 8422
2735 438
216 3385
4788 4023
1843 9194
8317 6023
5926 123
9292 6180
3872 6272
8494 4905
463 101
6891 84
7418 2290
9019 6392
6304 5021
668 5376
2033 5393
8642 7109
1259 9999
5694 2114
9688 4002
1619 517
3669 7719
9748 537
1798 6524
1553 3074
1257 8616
4116 1929
344 2620
8711 249
6211 5545
8041 2105
2013 8338
3745 7035
6069 3218
1105 3236
5817 33
3198 7692
4854 2147
2479 7224
963 3234
1429 9991
5982 4125
426 8490
3287 1985
5997 6536
4364 2663
8668 5536
5156 1438
7155 6576
3664 4971
1764 7461
95 4317
6519 6148
7665 9510
7525 7113
9807 8935
8591 6382
7416 635
581 6863
2527 4920
4851 7371
8019 945
4062 2717
1007 9423
704 827
7811 3040
4752 7215
7986 4433
3302 7685
9503 4536
9565 8964
3441 5013
4538 1712
4782 779
5052 335
2711 2041
7508 2539
1952 6350
7607 1351
9172 4796
1089 3622
8726 7676
5629 2808
7787 1266
6290 8374
6982 7186
688 6656
1507 3395
92 9717
9288 9652
6183 6243
8553 8972
7222 6096
7388 7302
7326 8728
2092 6141
4958 5831
305 6052
3522 9673
7856 9018
9252 3024
399 1579
389 887
2012 9322
6029 101
5823 6510
960 2579
2060 2954
1042 6369
6461 3618
8651 7254
7808 2587
2750 1527
3965 2274
3271 2826
4923 6896
9747 7947
7571 1532
7269 1311
260 5809
2454 4071
1257 305
1004 2455
9144 9002
8735 2120
8829 345
7192 9994
9958 9341
1466 3518
2032 7373
1589 707
8546 2956
824 2655
1688 5019
8408 6097
9923 1952
2191 8805
8911 1382
8118 5799
3013 5445
2165 1915
594 1155
7658 4060
9480 9387
8057 6116
3283 6541
9828 1340
5583 8567
2091 932
6232 9714
1685 9605
7505 159
159 5749
8553 8084
1508 1499
2475 1154
8686 7523
1542 2185
4940 2756
5677 6254
8804 7904
6783 7435
6747 2332
1256 2871
1411 8065
8361 4681
6228 5779
5111 3383
1231 5088
4704 1843
6718 6954
9171 8313
6672 2216
6207 3730
5795 6202
7916 5085
1011 668
6970 4638
1283 7485
9159 8327
4905 5312
4453 1446
4734 3682
2139 2351
6838 2973
5562 4860
5005 5757
7571 9650
2755 5234
2807 8550
9930 2405
1167 496
7469 4926
5805 4126
8707 4645
4643 700
5252 8199
4563 1235
2843 3035
3590 9408
9437 2598
8545 5190
2265 3852
4980 3974
128 2856
1541 798
6151 1726
5997 1487
4762 1007
8929 4340
7236 2316
6964 9072
3389 5455
6267 9431
8066 7606
2833 1904
9739 7585
283 8889
3497 9535
4303 7868
7471 7332
6289 4321
3442 2413
3038 6531
6036 6903
8429 7879
2493 1356
2674 298
1275 79
820 2811
8092 4587
530 505
2249 8599
3858 638
6646 3453
1274 3996
23 6876
5683 9895
2661 7834
2986 1251
4384 7645
3912 9807
9207 508
6693 83
1895 3809
3160 3382
2481 754
5714 6419
2495 2272
1565 2044
4295 9680
1695 2799
8512 6745
2035 5224
7605 940
441 7976
2233 4235
3132 3813
2282 8099
8469 6370
3720 9883
2974 80
8199 770
7482 2468
1492 6740
7683 2715
901 6334
2500 796
228 5394
9641 4941
8412 2573
1763 3417
7492 1943
8592 1584
4029 346
1354 1487
87 4743
1934 465
9625 1653
7761 8182
2352 8875
174 5348
3863 4960
5155 7819
7944 5553
6477 605
8162 8691
4448 9294
4636 2010
6476 7896
1401 1353
8764 2
8748 4635
7089 2866
3005 8305
4078 241
2604 7052
6213 638
9686 6686
2259 8709
5463 5916
2503 3473
1807 375
8824 3407
6391 1644
488 1062
5989 9272
1411 5332
9550 3471
5773 1466
300 5215
6795 331
176 5617
4960 7905
2282 528
939 9921
5911 6684
4127 1728
7241 3825
2516 1333
3741 7860
9708 2480
4026 8446
3912 8668
598 7741
1771 146
4269 7527
1871 7918
4644 416
2023 1701
8506 7853
2229 151
2368 9561
9741 4946
1467 4825
7050 263
1464 8108
736 6017
1919 2805
5409 4514
1019 1595
2547 5248
6153 2736
2562 6849
3214 1569
6690 7971
8782 5150
4456 9712
1707 2219
1418 7935
6123 2582
5715 4093
8125 6874
9388 7998
7949 1395
3415 687
5430 8995
4782 1742
9063 7924
3260 445
3049 9630
5769 2354
9248 1259
8780 3922
128 6602
3212 4128
5794 353
2936 6640
5014 9079
5160 6145
7803 5617
5507 8314
7774 7099
9906 9828
752 825
5653 873
7867 2190
6980 7419
677 8444
1961 4184
3782 7853
8397 4956
6935 2051
3199 8423
2747 9451
3996 2337
7347 7527
7627 6299
252 4571
265 3864
6379 4296
7029 6381
6877 2808
28 2660
5720 3017
3591 5207
8150 8158
1155 475
643 2242
9362 1578
196 5918
9360 3686
1546 8764
3017 6859
552 8813
2953 2372
5745 3545
276 4689
5846 9317
1063 7272
4431 1946
6094 9481
1431 2899
5960 7670
5421 6774
1576 8786
1720 679
5629 8697
2778 6090
3284 1057
8457 8728
5980 3568
6058 8899
8346 670
1566 2749
8222 9068
7042 1782
7494 2805
8386 1733
8194 5988
7182 7689
5592 502
1007 6368
6393 5569
6363 4151
99 2197
935 4723
4872 8130
9165 5808
9791 8667
6319 5640
3322 3866
2890 5270
5880 7059
2030 283
9691 1805
6477 6609
2764 8798
2 8191
7230 9430
1188 9948
3504 2432
7051 407
6071 2596
4323 2070
5996 4640
6175 7565
161 1641
1487 3666
7706 4668
1940 1215
4266 2889
8499 279
4507 5219
8905 1789
162 2337
4622 5601
834 7225
1357 3660
8000 8733
8195 606
1175 2326
998 8534
1757 993
9752 7186
6725 5831
3180 4855
7719 9473
5848 7795
7837 2924
8939 7073
3663 505
369 5582
5025 4280
9428 3866
5531 5238
6550 4992
2377 3236
6141 57
2037 1291
6478 2861
5058 6828
1837 4108
6762 5949
5763 8909
2602 2849
7889 2693
5419 2614
2308 2250
4613 8453
633 6376
5520 7734
8099 5620
2251 3267
3515 7919
5216 7757
7864 2845
4887 7252
5023 9542
91 6403
5660 2957
1482 4778
6258 495
7872 4273
4495 318
8198 1305
5364 8047
1271 3237
3427 3537
6276 553
3289 1104
3656 850
4751 9944
3998 7238
3644 1533
8386 9085
4829 7162
2757 736
1111 4905
1605 2481
7323 5155
2748 8779
9500 1704
2536 1228
3294 9377
2763 3776
3887 5635
1700 2415
922 1015
3006 7466
6857 3657
3239 4706
7195 1101
2003 8826
535 8009
1954 3934
1360 8943
2527 4596
5481 7209
8283 881
331 1658
5626 5999
292 738
8444 6766
6498 6338
5358 1929
7617 3761
3762 5370
6865 9470
1468 6001
8107 8935
703 7793
117 8986
168 251
4005 7626
6696 5534
4578 4021
6072 6991
2977 9907
8360 9606
1775 1313
104 698
4362 5662
7211 2878
2581 2085
9625 1451
6731 2781
1620 4608
675 6014
1133 8856
9557 293
7943 9915
3485 2457
3676 903
8973 2607
6208 6336
4456 8155
6355 8853
4860 1912
8362 5957
4959 3882
1616 450
4798 6146
9385 1862
5826 4801
8183 5763
4883 5744
5873 6751
6369 848
3616 9663
801 9806
7660 2051
4117 2505
8823 323
6832 2103
2904 3032
7560 4916
9882 1582
1725 7133
6198 9496
232 780
7983 5173
983 1557
3548 7394
2729 2656
8363 5744
2005 1208
372 8775
3280 9587
7820 6810
94 3491
1275 3917
3048 365
2464 9509
7951 7047
7939 8848
432 1735
8955 1829
8185 8506
481 5660
6699 9235
8757 4928
2688 788
3984 7156
3566 9745
954 6101
9949 8675
364 894
4262 2219
232 8369
7709 1464
6936 949
1440 6106
3429 1019
6768 4408
3705 2294
7055 9823
5702 6314
1210 5723
6280 8611
4010 8443
1433 985
9958 2384
6276 403
1451 1431
4124 9450
718 7464
7501 6527
9073 6381
3795 1344
9108 3046
5627 6663
9982 476
8470 9539
4189 4693
2565 411
1050 9033
3601 5872
7472 4690
6026 5810
3966 3001
8979 6278
6027 862
395 7703
7626 5703
9743 4715
302 4174
6174 8903
6304 676
3630 325
2030 650
4589 5060
5766 4450
3562 177
6404 6097
6917 2949
4104 7048
8628 5695
2635 675
8360 6292
7732 5106
4864 3588
2006 1814
1724 7775
4252 9486
3348 9399
3400 9746
7786 3687
9415 2751
1324 9396
617 1381
7167 1812
6032 4349
809 3389
1639 2960
5054 6574
198 5204
7278 6499
1363 8727
7868 8965
9466 1089
5393 3569
752 9637
5106 5419
2357 2648
8656 9570
3304 8517
6975 1013
1327 8033
3321 54
9623 5275
1651 1454
6009 4501
704 4225
2078 6409
3877 628
6692 2022
366 8492
337 2250
7647 8008
5127 2437
1228 50
3145 2523
221 2706
1741 810
9564 9700
1426 5612
241 6299
2484 1087
10000 1926
574 628
3777 2305
3616 2245
1697 9295
8353 2714
1255 6135
2902 5533
4778 732
8147 1613
2768 2130
2593 3280
234 2414
5681 9005
7663 3405
2656 3705
1781 2536
5372 7583
5271 3238
2566 5765
116 9954
3096 7661
996 9711
8265 7706
7872 2057
3502 3812
9698 2526
452 6701
7163 6061
4811 6452
4436 9229
8661 682
1031 4001
7711 516
5279 2362
7743 7248
3021 526
1119 763
8381 40
5673 8146
9144 3312
2036 4808
2538 221
5453 9143
9479 4583
9497 3226
298 2690
42 3771
1102 5880
2624 1401
5473 6
6290 3708
2342 6074
4462 588
1370 2587
2525 94
8360 1561
986 96
2033 7847
677 6568
4678 9703
8675 7800
4200 1332
3752 6004
2643 8277
3399 951
5669 1729
4457 50
69 4974
1724 1047
7138 5279
8094 7446
2586 1645
9691 2838
909 5588
3843 7286
320 9218
5072 5683
7078 7931
4150 9373
6364 9073
2651 5846
436 8947
8665 3530
2100 4451
2530 6485
2079 5740
3524 6450
7253 19
5741 1536
39 7165
7312 266
6798 1474
5208 5590
780 2192
237 7149
9650 2227
181 2573
788 3844
7212 6524
1626 6736
4759 2750
7336 218
5670 4009
2321 915
7752 9591
583 2153
8083 8523
2870 8126
1092 503
1906 5210
116 8798
8878 2244
7884 5286
2494 4461
1338 3760
1903 7373
7316 4426
9429 7426
4956 1076
1654 6342
2597 211
1846 2592
6101 1267
4593 8606
8524 6608
3504 7778
372 598
1558 4170
5913 5175
6698 1301
1386 7853
7323 5218
2897 369
2399 3003
288 2027
6412 7155
940 2571
3418 219
7646 7288
6392 1195
1559 9895
5070 3151
3924 6718
8035 1903
5443 2169
2065 1796
7877 6540
9574 2440
2453 2634
9500 9518
9671 3590
3355 1986
1700 1817
3036 2625
9173 499
2753 1948
814 9557
5316 3209
1102 6446
1486 7115
3139 4932
9241 307
435 7141
8712 4518
7960 7551
7669 6465
2988 7613
2075 5547
7590 2899
421 938
7315 4396
3766 233
2392 753
7707 2296
5175 1421
7918 9252
4993 863
7020 5353
7163 400
2089 4709
2419 7414
3058 270
8597 5528
7764 3095
2345 8434
1739 9375
7807 5899
2350 8731
8958 8453
1081 1685
5753 1173
6170 3844
2484 1636
8945 7918
9733 1109
8193 9580
2622 1560
3804 7053
8426 9422
142 429
726 8078
7912 7383
6562 4279
4256 7897
3128 8055
7335 6807
2620 348
684 5266
884 9353
7775 3147
2763 251
2808 1779
848 9757
1721 4324
7348 3736
8369 6661
2980 223
771 5802
1364 8394
8070 9803
2381 2000
6510 2790
5735 411
5963 7367
3723 3159
9952 5879
2738 2860
7319 8962
5938 6044
611 2061
2107 798
7830 1448
8684 4764
6900 705
2940 4986
5207 5993
6917 5928
628 4459
1395 9018
4879 5610
5550 3702
6667 2346
3556 4622
5940 402
4988 5966
720 4400
9622 2520
579 525
134 2030
3794 9555
1122 8688
8219 2396
730 6983
931 8029
8840 641
368 3235
7480 4830
24 8476
9289 3578
8489 378
6117 1036
4282 7939
8686 8701
3201 173
6185 4926
6471 3976
3151 3716
1418 7179
3297 6581
7874 9412
4717 4871
8198 9563
3343 1894
6879 2662
3113 5655
2076 9250
8469 7036
4440 7904
5498 1495
649 9982
6718 9553
858 824
3675 2173
7484 7359
661 2105
2824 4217
4778 9189
9737 1688
3531 7288
536 7455
8379 9135
7719 2387
2213 182
1857 4751
3667 940
706 4554
9868 7986
2099 1116
7517 1285
7465 7727
2652 6908
7439 2211
4952 6196
9185 21
6693 1066
747 6800
3079 4648
960 9540
8541 9268
879 326
4208 9429
6755 104
4796 6568
2858 7259
3070 7858
9705 1923
1822 1382
1518 90
8575 8074
806 1047
5269 325
9248 7104
2614 715
2945 2701
6900 748
2297 8943
7242 4474
6710 7857
4453 5914
1176 6894
9973 9357
8148 5827
7284 1887
9613 1478
854 4895
10000 9032
9954 897
4223 4471
4256 976
417 9943
6067 8120
1655 3537
3065 1475
2386 652
48 4305
2611 1820
1435 2830
9571 6936
6406 6287
2724 5232
7174 4621
6695 8783
9700 7349
304 9165
8220 4191
2952 9880
4769 3614
5409 7813
2148 2647
2895 801
1044 2597
3636 765
840 8748
812 521
347 5645
8299 3295
4790 2026
1956 3956
2789 2987
6875 5611
1059 8703
189 4443
8295 8199
1999 8561
1299 863
2948 2233
6234 2078
1011 2153
1747 1633
2616 2398
5755 835
8538 5612
1135 8079
4141 3216
218 8153
4233 696
2268 3514
138 8869
5724 1578
1849 7808
272 4115
91 9419
7130 8308
6873 3033
9588 6659
7488 1696
8608 3159
3785 6286
2745 5028
9980 6842
2318 856
4656 5468
8752 9974
870 8944
1626 4961
6295 1735
6224 2747
4699 4607
1803 2814
876 8452
1668 1355
9066 6390
7599 962
1905 6349
1867 8545
6263 4586
6599 6144
9642 7904
9287 1788
3289 995
1590 5522
4194 8992
8190 4991
5516 8893
6582 4166
3590 2082
1003 1137
8288 3928
5219 5787
7208 993
7086 6654
2616 585
8205 7800
7133 5675
4520 548
3900 7431
538 4710
2544 6850
7072 8663
5815 1150
6050 1362
3101 5596
9713 1005
7225 6143
514 6220
455 643
2697 5266
7030 1214
2233 1114
4291 613
3579 198
4805 1202
574 2709
5866 5045
2254 9466
7234 793
1352 7675
8411 3753
4556 6615
2476 7106
2484 1275
8855 1578
6565 7111
7560 1697
4803 4572
259 7015
9161 5337
8173 5807
5897 8439
2361 242
3921 8225
9782 6087
1887 5112
7735 9313
2471 3206
1779 2505
2226 2545
4366 846
5033 8339
2328 7803
1362 3703
5092 7800
4138 4614
9004 819
8964 9555
9443 8800
737 8116
5227 302
8080 9955
4041 9197
7800 3907
165 3037
3556 3750
2630 8584
782 1918
7821 8610
7311 2771
3600 1120
1557 2869
5131 824
7718 5219
978 5703
469 7435
9242 24
1379 1682
1208 4483
3991 4198
1034 5477
4081 6722
8501 159
9435 4242
6127 8209
7377 9240
7038 9288
3571 1758
2752 2021
2200 3325
5581 3936
1062 5133
7561 3453
1487 1278
5102 8718
4669 7447
618 4377
5202 957
3285 635
8489 8518
3862 5069
4545 7614
3110 8774
2507 8057
8133 5618
9634 506
2779 2338
2331 4212
5986 5491
4669 3999
802 6835
3634 9374
5213 3137
3806 7454
5805 3701
2848 5841
1546 7136
2823 5596
1504 5749
8102 9197
368 8904
9339 4898
6854 517
1501 1094
1451 8196
2676 5533
9836 3468
1021 8050
6715 166
574 8718
260 1044
2055 2428
1459 6737
4474 699
1124 8842
9196 9428
1387 9710
6124 3372
5765 1170
435 4556
2654 3096
3821 1375
180 5712
9911 2204
9852 2719
9977 1525
8372 7440
3063 9615
2553 5673
8322 5331
1786 5311
7572 3652
1484 6412
8588 4306
9456 2223
1174 2958
4962 565
1903 7455
7331 9288
8023 148
4952 5829
1976 315
8308 1201
7463 1090
8308 126
8680 7244
826 2107
9655 1894
1021 3466
820 4810
1551 8535
7630 852
5502 7061
1747 6739
2159 2378
4950 8082
2408 7838
323 2104
1916 960
4256 5660
7805 1290
884 1853
6493 8646
972 994
421 3105
6235 7965
426 1887
1122 1301
5308 1279
4736 932
3057 4560
5996 1790
8210 404
9793 7107
1332 8884
9849 23
2954 901
6829 1616
1785 2969
2764 8447
8476 3641
970 1123
8137 5457
378 9098
9939 764
511 4938
4865 3410
32 479
1184 2959
6187 1509
1300 2998
9755 3225
8501 2309
6668 2187
6151 5579
8142 9639
6810 6696
488 7604
5956 420
6000 3083
3323 6371
4200 3468
1640 2358
1643 2943
5752 3781
3560 1303
6852 1021
2429 9435
7556 8340
6040 9031
2720 6677
4859 9536
7111 8904
206 7767
4371 6576
8761 7216
2220 3964
258 1668
3884 70
4516 7556
3636 1696
2529 5678
6701 3137
8200 2405
529 6202
9914 2508
2138 7853
8074 8227
9435 2976
404 2405
3086 3422
1312 3345
6222 1023
1398 6184
8551 6602
2515 8887
7690 536
9197 2565
1541 8154
7572 2078
3426 5341
8746 8322
3199 7629
4820 920
3902 472
5777 9351
1022 7381
9243 1206
7753 7269
5819 705
7343 4472
6914 2783
8068 8515
693 1395
2981 7345
2920 2448
7857 1287
6783 2608
2213 9757
7841 7942
3464 2425
8654 9635
777 1806
4482 4582
4838 4037
1050 2119
5646 7594
8087 4054
3288 3323
704 335
150 8909
4029 8161
5493 8416
6530 239
6406 6611
6216 4743
9442 4250
1314 8561
9704 9743
1902 682
2795 7672
7339 3282
827 9576
9354 1554
1936 7031
1176 1826
5854 5206
8090 3450
3605 574
1514 3127
521 265
6434 1889
7682 3604
7062 171
8836 5634
1015 1834
849 596
4260 6857
1165 6488
5908 2028
5427 1184
6770 4276
2119 3829
6936 435
2299 459
1824 3616
4678 2486
7926 2301
7937 9757
8529 7239
8420 1919
3204 9950
2753 8547
4112 8710
2462 260
349 7340
777 1709
7016 2061
7415 8225
4271 1892
4510 6846
3035 3858
2052 9203
6461 4019
7256 1455
1068 1278
7919 4124
2798 2061
625 2269
8517 3439
4197 3587
2684 4474
602 6774
4162 3829
9432 7074
6742 1876
8774 3520
1748 6437
3965 6039
750 2971
5517 4594
6591 840
8783 5779
5996 5857
3883 4120
4588 9917
5066 5022
4793 5534
4814 6164
1479 2499
609 3217
5637 7869
3691 344
5586 976
3720 2778
4146 204
8202 7308
2497 2141
603 1803
3639 8608
3077 4238
7692 216
213 5580
5966 2207
1693 1901
6032 8656
1530 9189
1349 2469
6229 494
5966 300
3837 8900
1873 816
6389 3815
9979 1205
6026 9581
3974 9939
1593 535
2526 6215
2302 3205
5664 2374
2351 4859
3141 2692
7530 8918
9982 629
7885 2154
2560 1505
517 814
9330 1629
8456 6107
1252 7255
3078 7888
2658 2898
7341 2537
9273 227
6605 1
5226 2427
7965 6454
1917 8199
395 1564
6743 2420
4057 5125
8831 423
7478 1855
6557 7980
1146 5022
2324 3788
4534 5196
7219 4581
9371 2014
6374 8837
1451 537
626 7718
8077 1413
9728 5809
3892 4912
4249 3036
210 6982
3732 8854
9353 9520
1004 1396
1267 6410
1925 269
2386 9674
8128 8275
2330 2349
1597 1827
6078 3540
8016 3183
2296 5008
4967 2121
5469 1977
2523 19
9104 8613
2774 5637
9990 3767
1988 2991
3994 7734
8109 7663
2306 3648
2193 8549
5394 4703
2661 1557
8943 1898
5421 3341
295 3055
9818 6936
1790 9936
6230 8802
1868 8683
9726 5581
2454 8718
9008 6227
4569 5931
7188 8445
4719 3609
4704 8931
1643 8011
2150 5285
487 964
1041 8906
8416 7451
1952 9862
1504 7356
7442 7169
7996 1935
9379 9462
1791 8189
3430 7994
1063 2320
3731 1054
959 1274
1746 4229
8685 57
9833 2842
2060 3017
2179 1868
9229 7867
1138 6475
9705 805
2870 792
1514 9193
318 2328
9499 7386
9566 9226
7148 5997
6098 8201
9883 2525
658 5443
9728 9169
4806 1723
5304 1730
1852 7644
1972 2823
1559 1087
5170 5475
3867 7695
7580 3522
6615 5195
7984 3983
8065 1515
9329 1066
3672 5799
8491 1865
2342 389
6348 4220
1652 2001
1 6005
9411 6770
415 5848
2264 3978
4196 9023
1960 8253
5884 9601
8901 6118
2712 2580
2519 1575
1404 8784
6862 4032
1304 4566
646 2002
185 161
4284 1412
5153 3372
7153 9365
9461 9317
557 5235
3989 496
549 732
7249 9886
3296 6355
1753 1935
3927 8469
3846 7110
1563 4588
6520 4525
1291 6643
2944 4185
9334 4731
4511 6590
2013 3438
1309 7846
6461 8147
3742 1406
7676 8514
2563 146
2481 5896
6237 506
9625 6380
8887 5621
5768 2354
1557 5333
173 4720
4695 634
4457 2704
5506 2580
32 9350
3761 435
9329 1970
1864 194
4323 7336
8314 6692
4624 1774
2667 908
2663 7381
7128 1667
7420 9260
277 7510
5059 4529
8343 3326
3869 345
4788 9653
2962 8115
216 1093
6768 3000
442 9459
3346 821
1053 9148
1684 8684
7835 990
726 3128
9231 1450
1024 432
1298 8505
3894 2253
9625 2157
43 5871
8220 1353
1658 4797
1370 4371
178 3500
3547 8729
9474 4947
2934 7682
2182 3900
9445 7223
7841 396
6998 6178
9340 8039
6915 2693
9261 6430
1571 5869
6475 4538
8114 8153
7153 654
1823 3670
6449 4472
7237 9997
379 8040
1709 1311
1822 7892
4417 3007
9278 9387
3987 369
1687 1913
5871 4146
2849 714
3887 2680
7684 4802
8766 1915
5118 6524
703 165
6259 1186
8479 6646
2836 9085
5192 1290
8403 2637
8887 6975
1109 1579
432 1857
7337 7229
8896 8328
2057 1114
8036 5190
3679 9391
920 6969
5866 5601
9970 8344
1312 4883
6225 1756
6565 3882
6800 492
749 3311
8207 6381
7887 1877
8324 1785
428 6829
5933 5936
8926 1526
3849 8237
6563 4232
1768 1803
4348 6195
2721 471
4337 8307
1411 2567
3160 4423
7245 4027
406 4898
6945 947
500 7537
790 4610
5045 5055
606 9058
1832 8198
1224 8279
1161 5062
487 1832
5693 7275
6578 427
9086 7402
5884 1552
1619 3979
1143 8626
5475 8350
6117 4553
5547 935
8256 2563
9071 3292
1291 6708
7630 5265
1192 6779
6089 817
9931 4936
9668 7392
302 4331
334 687
6247 2574
5582 2016
407 8790
7854 586
5956 774
3197 9567
2281 1188
6944 3356
44 7600
2280 9216
9313 8514
8218 9169
477 7619
682 220
2718 9919
3881 1579
2777 3658
3330 2044
7011 2337
2159 31
5908 114
2097 3280
8953 2110
3056 4102
905 7373
6384 1659
9515 4339
8212 9294
7878 8850
7783 1781
5480 7168
3785 6070
507 5291
550 3768
4069 4858
2334 2149
1871 7237
4464 2579
5496 4728
6664 7588
1594 1363
715 6554
8558 2886
4992 9103
940 4524
194 1524
3078 7669
7891 584
8149 2121
3107 940
4755 3561
7810 7300
8955 6504
994 2016
9198 4522
4208 140
9048 3531
692 5749
3266 6099
4038 781
1081 233
6244 177
8366 8022
5074 8585
3631 1260
8737 735
2311 7895
1811 8420
1490 1970
1486 2335
179 4748
1455 9591
4953 3068
6369 6212
1599 2003
6317 2481
5539 194
9972 196
1498 908
5228 6736
1330 8445
7047 7147
1111 3386
5818 4412
3018 6315
380 3864
1391 1975
2430 4205
4678 6095
5210 7262
6045 6397
6590 8320
4164 6622
4523 9780
5457 9550
6505 5975
7604 1875
590 7590
61 1645
5103 150
3533 220
2293 6514
4155 1618
4948 2054
40 122
9320 3340
7460 5626
5105 6693
4323 357
7680 8859
7130 484
850 3204
5263 9446
3789 3529
6432 9285
5961 7544
2242 5755
3713 6391
9853 1333
2314 4410
4837 5127
8211 4006
9533 4880
1437 263
9831 4704
7404 8639
2399 791
8463 9600
9097 447
8477 2620
3096 1772
177 8939
7568 1923
8535 877
7166 4857
1623 6816
2087 8014
6034 6708
8782 4361
650 9357
954 7126
9063 3753
1047 3630
3335 9539
4812 3861
3894 6567
221 2345
6094 3718
4385 4649
832 6317
1447 9237
6532 785
8485 7077
4350 5709
4561 3117
8833 4112
9939 4783
4360 1185
5690 7169
483 4436
5630 8368
3919 7729
9111 7557
3081 3
9548 2327
3780 334
9806 4833
648 9333
2710 8614
9358 5931
1820 5202
3098 632
5482 6227
3480 270
3472 1192
5946 8909
5689 4041
7072 6356
5598 7271
1529 1880
825 9204
730 6746
7725 2550
4141 6980
9892 2008
1899 7412
1113 6290
7116 6525
2727 8011
5710 8234
5441 7724
1253 4612
1108 3414
6514 6742
3882 1895
4551 2174
6272 297
6906 3415
6282 3835
968 4214
7142 180
220 2545
4750 1525
48 2598
1570 2542
4979 1883
9941 404
1723 3634
7223 3186
5581 9376
6531 7917
7355 3517
2089 9245
477 1630
3855 3448
3347 258
8020 6369
9978 8842
4485 3201
9309 2237
51 4693
5390 1450
917 7881
2005 5103
5818 9746
2248 1561
7873 4066
636 6205
9229 9384
1483 5031
9955 2230
1750 1377
2534 4583
1469 6167
3829 320
8876 952
6498 6262
2920 6751
7911 2113
3931 6882
5125 6416
1900 1259
6141 6221
8883 7574
2322 978
4603 6842
8622 6028
441 7035
9908 7454
2396 7807
4662 9033
981 2368
152 8747
953 7186
7764 1142
1428 2805
896 7907
6256 3244
6861 6966
2071 927
5217 1220
9158 943
5032 6770
7474 8200
1350 79
2335 8331
1696 4965
1647 7773
6699 7804
3048 5578
5685 3552
1145 8206
4259 6932
8285 5717
1162 3270
3969 3841
3747 4229
7411 797
4424 9697
3628 4576
1748 1713
1040 1267
2475 2587
2386 9958
9348 3248
4637 4336
9712 8469
3521 9926
3862 2057
4523 3694
3005 9876
4904 4325
190 3821
731 3293
7640 591
9005 4602
7974 8541
132 1423
4607 9683
1272 3221
2220 7359
3025 3756
719 8335
5557 773
4801 7085
4449 2847
4716 9304
5157 2960
3275 7973
7893 2135
2816 1318
1965 3760
3348 9210
1414 7031
9604 1814
4630 592
1417 9345
1228 6486
9640 6134
9740 595
1388 7205
9416 3968
385 2923
4336 7997
3715 1588
7850 6147
9222 5982
9126 5192
407 992
1324 1443
738 618
9815 9376
6725 9807
8597 294
8549 928
4047 9671
4384 2843
8183 4664
771 2644
3072 4722
8669 6498
8658 2041
3427 302
8125 4619
901 3623
942 4826
9649 2745
2432 77
2679 4575
4661 8068
6813 6791
1318 2555
995 278
4150 5969
3929 923
4717 7161
1744 9768
1316 1648
367 542
3165 5424
3031 3768
8757 773
3577 9227
7420 4703
7494 3644
9124 5047
9399 2178
1576 2533
3183 6558
3663 8497
7981 761
4721 5304
1302 1549
5929 6385
7810 742
6699 801
1446 5018
7897 5228
9827 3335
2433 3997
1372 8395
793 7128
4109 2250
4173 4398
6586 1820
6632 753
9414 1237
1249 648
6614 2761
2776 5556
3589 1023
6674 4372
8313 661
6129 951
8533 4421
8919 5745
8192 8214
8652 7023
1574 9318
9486 1678
6062 1431
1449 3592
4780 1975
6264 1729
1704 180
9546 6353
1134 7584
7592 9571
3943 2610
1397 9661
8200 2381
9351 5393
9354 8340
790 868
8026 5166
611 6636
5682 455
2843 2992
1767 3143
2748 1978
1508 8583
5798 2784
6711 6097
4981 260
634 8008
6287 4360
4629 7656
4457 8198
1634 9246
3775 8847
9761 3195
9971 3042
8733 5349
5718 47
9823 990
1941 7404
8482 1369
8501 5049
9414 9387
2626 4575
2665 927
5253 1470
1987 2301
1524 2615
2096 8331
7742 4567
1443 4579
1015 630
2185 9495
2385 974
2300 2307
1644 7216
8762 1635
2031 4627
3941 2517
871 9390
7995 9599
2927 7000
4505 5076
6097 4142
1484 1619
5772 6757
5032 3808
9911 6177
525 8744
7028 7109
7078 4431
7913 2124
4932 2172
2635 9191
7819 3863
11 3079
6570 9185
8582 4846
2017 1893
1975 8705
4222 5902
5584 961
857 5914
2154 4123
6385 333
4009 9372
3174 8009
5059 1576
1560 2700
6738 461
1407 7882
2439 2756
2013 4540
8898 1256
4418 3673
3983 6506
2254 3829
9539 611
2076 9240
1496 1483
7149 3968
9557 2106
9666 7001
1186 9294
2430 1563
8171 9117
5131 9573
6034 1499
2700 4681
2426 365
2739 1880
6273 9247
1205 7743
4637 2563
1914 5442
2714 8475
9417 744
83 9241
8467 3143
5424 2196
2239 7874
9870 4350
550 4480
9701 9429
687 1087
7894 8662
9774 4056
2948 7368
3145 2453
8053 4952
9196 6720
8840 4049
701 6990
1097 7055
4322 4252
7922 1476
5969 9368
7717 1546
6520 1459
6136 7097
15 3862
8671 7755
4986 8291
4672 7279
2131 4157
8835 6572
8344 1355
6697 1430
8801 424
6591 9717
7573 4223
4323 1524
6749 709
9462 2903
4729 5447
3522 4865
8402 1110
2765 1604
9599 3216
3135 2426
1436 8753
6209 4101
3848 9866
6902 7042
9661 2928
1358 9283
1398 9192
9593 6540
9692 9026
7497 6814
8001 3619
9371 3523
2785 6792
8360 2057
5973 6312
1046 3923
8010 9065
1268 6572
5794 7157
2790 1581
1210 1614
5902 4624
4571 4144
6956 1158
1892 2838
4391 183
3688 4768
3916 8136
7620 99
9975 3314
3765 7297
6608 8224
791 2075
2519 2600
7104 3141
4258 7246
3358 2217
5366 8038
398 7374
5125 7049
4127 361
120 1641
4742 8229
3949 5272
2740 7151
610 230
3765 4741
7347 9450
7930 1
3103 1459
761 3809
4994 2207
6930 8473
6767 8635
8854 4954
2140 1852
6388 2276
995 1102
2484 1114
1749 235
2727 8229
9602 1710
4062 7756
6279 3224
4026 914
6343 7539
884 161
1405 3366
4735 2742
7296 3416
4443 9036
1528 9176
650 5118
9041 6364
8296 6615
8925 1528
1383 7772
6463 2850
8344 8765
213 2212
129 887
197 4817
8891 4813
9228 9132
4331 4313
1554 7269
4500 9549
7842 6901
2571 655
8153 8652
3627 8469
7037 4697
1722 5452
5344 2794
3132 736
1444 6740
9270 7383
1729 7925
9029 5390
9686 2184
1424 4937
477 4666
4731 2501
9425 7179
7022 352
9636 470
8294 955
6972 6788
442 2334
573 6877
7776 9949
1598 9713
3697 4794
949 1079
1146 8363
5027 2868
3701 526
3480 7966
3671 4442
2878 9825
859 1527
6665 7746
4943 9969
7874 5282
6222 6409
2816 1717
7230 461
7784 4467
2106 7209
5270 9151
690 2445
1293 6870
833 3920
9083 1883
9920 2470
8593 7233
4618 9503
5361 1527
6288 8112
9912 4699
6957 8133
8447 120
9276 711
8140 8610
6873 2874
3982 1060
5941 731
5546 7544
1710 4888
447 9015
7678 2528
2449 9457
3587 989
948 2447
3407 2367
1510 5526
4225 9355
2946 4479
1764 3075
4594 8486
662 2504
1013 1919
2475 5789
338 9744
3363 2894
8140 4315
1210 5568
2422 6362
3966 5163
8825 6256
7446 7494
419 2525
4353 4386
4738 2306
909 9849
4562 6406
1513 8200
7699 9192
9773 4571
7550 5367
344 1560
2905 5086
8682 5855
905 3779
6707 2592
9032 9363
2380 1566
7112 6422
7349 8930
1350 3465
2990 5570
2018 8955
7754 1764
5551 7159
9073 9038
1782 6740
9189 6976
7359 9290
7255 964
7922 3510
6443 6308
6250 7759
5017 3197
3084 9450
5205 8387
7720 1243
2657 5318
1965 1453
5858 1923
5185 756
2752 4461
6961 465
1810 1085
1525 4469
5226 4552
680 1626
2556 7968
5335 2558
3301 4318
3624 7041
3593 7854
8957 209
6317 5787
4889 724
7047 4333
162 5575
6019 9424
9735 1876
407 9368
4532 6056
9257 5281
8484 2934
2575 7227
247 9990
9704 166
7812 7203
2937 6586
2047 1124
9818 5915
7839 6792
8994 4347
378 8487
4144 288
546 582
8092 7623
3988 1835
7773 7897
3357 979
1549 5134
656 1409
2298 3759
215 2839
7341 768
1382 4329
768 3485
6118 3952
8588 8708
4208 2557
769 5028
6391 6623
2730 2420
6604 7478
335 456
3884 809
972 9663
9805 3285
4755 4192
9193 2198
7358 9046
3226 5291
2375 6826
6054 773
9163 9392
6365 7665
6828 3860
6993 7079
5863 6183
964 8241
9334 1556
4137 3439
8790 5720
3876 7210
3579 6642
1363 5657
1058 8695
9553 4593
3447 2040
2233 6255
3273 7000
1736 1579
4395 3081
5862 4997
8252 2103
8598 7267
9993 343
4747 4159
2161 672
9229 7130
8106 8523
9901 1701
4658 9448
8678 7938
8393 6850
8565 3670
5453 7363
7082 2722
69 5066
7534 7698
2642 3692
2903 2822
7602 9272
4603 4223
231 512
1330 2108
504 6101
702 949
9127 739
9087 3383
1683 8445
1682 5026
3918 7705
9338 799
1585 9967
338 5703
2687 7998
7458 1056
5816 6880
848 9160
287 6463
280 1863
8542 6184
8991 9360
1879 623
3909 9640
7854 8403
2009 6603
8870 2179
81 4475
3977 8481
858 3802
9565 694
7709 2170
1123 9478
7187 7698
2673 1141
1898 7396
7282 8891
2712 557
2316 2388
3679 2237
9811 3307
994 7880
4188 7400
8295 6460
644 7383
6701 5523
8130 1611
3744 2555
75 6690
5579 2837
341 9627
5565 1435
5693 7654
1904 2437
7981 3483
3573 4590
6056 5821
1108 9842
5736 4144
4835 122
5050 3993
6500 3132
9688 5813
8596 5421
4824 8685
6241 6312
2066 5624
6380 5220
7272 913
3791 7168
6705 1050
6177 8002
2391 6386
5847 2209
1362 115
733 8415
9027 8943
9910 395
294 9756
1633 1862
3122 1709
5948 1365
9234 836
8541 6182
1113 8725
462 7350
2 3628
5945 6130
2982 1521
9733 1741
9826 7178
1663 4945
1703 3410
4844 7050
4147 9593
7934 863
17 2557
6965 4434
749 8359
6424 4106
4682 8920
1189 2623
3063 2214
277 4982
2063 8290
5539 5629
1872 2428
5166 5674
5038 1881
5773 9871
8505 1172
1683 992
8925 5794
5348 1768
1961 8218
1814 8361
2738 9877
7339 1362
1368 1970
5678 8454
6696 4302
9836 5339
4692 1586
1733 8912
4897 9389
5426 3298
3231 8963
4474 8705
8862 4838
8176 7279
1903 7364
5599 6200
2872 3281
3001 5144
5773 4983
6059 2794
2315 3243
2982 8301
230 66
954 8092
6134 4276
7555 7117
8477 2672
8072 41
3372 880
786 7454
9895 2446
1610 2770
1046 6902
1590 5353
4654 8574
8278 2137
4415 2116
8057 8988
4110 8519
5365 7301
278 968
4167 6007
8075 8930
584 1698
9904 1192
5073 9215
633 4270
5552 2798
6051 6283
2011 3805
67 3150
2756 204
1324 158
7470 2304
8405 678
9375 7445
618 6129
1063 1687
5073 8530
8592 5490
432 823
8422 984
3566 3342
536 8899
6743 281
4191 9356
3284 9887
8399 1372
6970 995
1885 2960
7169 1049
2032 7314
4344 805
7834 7382
8967 6422
2248 50
838 900
2008 2690
7356 9862
4315 6042
7578 8295
9083 4061
4793 5817
447 2366
5345 490
7453 3334
908 9991
2559 3589
5946 1054
6793 2284
1238 2792
7417 7434
5992 3095
5264 229
7117 2652
2049 4315
5844 3037
8663 7018
7066 3205
4316 9501
8809 6124
6887 8376
9340 328
2053 9766
2742 708
9579 1552
9812 9216
1835 9281
7440 9625
1414 9304
4407 3002
6305 4462
1661 6067
8698 521
3488 1242
60 2512
9786 384
6690 703
1403 7349
9017 2765
422 749
3321 2924
9066 4196
7877 2353
4021 6017
1937 517
5540 1896
1523 1275
3517 8418
3213 5603
2193 512
682 718
3532 9070
6087 2739
2479 2197
6596 9089
1969 6099
1707 9030
8129 8703
8096 1296
7406 1111
2105 7042
7739 7244
2320 201
4429 2737
7255 3104
4998 1296
9980 5792
904 4062
3629 108
9938 8480
8109 364
5967 8829
8376 2311
4271 5094
4147 5879
4869 7060
8215 5256
2979 5584
5184 4578
5779 2217
6897 1527
5704 3569
3003 2830
2820 5017
589 2705
4827 2270
8749 3332
2135 3252
1832 8407
5054 5427
631 2686
9281 1022
4819 271
6918 1451
4010 7324
7320 7824
9234 6417
7326 4235
1134 3744
1337 4902
4799 3627
178 1032
1116 2626
9187 2527
3300 7230
8948 1452
1251 1725
810 4544
7492 8703
7195 774
103 6480
565 9376
2387 9287
6559 1591
8701 5566
272 2765
5114 243
5471 6390
2449 9694
2506 4822
5028 4660
3643 6316
5424 2587
7992 1407
5603 8671
7898 6408
2175 5205
928 4465
8268 3151
2085 1932
9138 3215
111 2663
5878 1423
2170 5198
165 9407
2004 2689
287 3616
8810 2856
1670 9986
9427 8709
6776 7033
2331 905
808 1781
3891 3993
4276 2529
1799 7410
3283 6732
336 4731
765 2007
5419 5706
783 6223
3193 5385
1678 4683
7801 3610
380 9288
2083 9625
2426 9379
246 3745
1229 2374
7765 9410
4372 679
7276 2642
2152 8509
9866 5185
8932 8341
2346 8625
1000 2484
2722 3781
6217 1021
3183 8041
7659 2678
224 5108
2225 38
3379 8569
1604 2737
925 8244
5235 4056
4846 9171
1402 3290
6612 5250
7798 5503
3759 3291
4919 119
8997 2062
8551 3454
2278 7006
8714 227
3714 4956
6871 7610
2682 1480
9206 3742
2885 5797
5642 6155
7284 8237
8560 9243
9624 2229
1337 7310
5218 4273
8517 8944
8795 2187
6048 2614
549 6592
6162 7129
786 6747
8081 3894
7252 2743
1482 4149
452 687
7088 1977
1046 2472
1332 5815
781 6738
4549 1850
5963 298
7945 6663
4492 2196
4333 5100
980 4279
26 3694
9734 5833
1369 2196
9239 4013
7753 7838
8802 377
2094 6954
4572 6973
2059 1415
4795 7169
691 411
7219 4255
1229 563
1297 2369
8358 714
235 4475
7739 2587
6152 9180
503 2858
1708 7714
282 8272
7639 1804
9739 6325
8287 995
7727 1268
6442 7995
1275 8553
6656 4262
3798 5821
1712 139
5794 1830
4195 6821
8605 1592
6766 5998
7507 3889
1404 2126
438 6804
571 6287
7360 8532
6293 723
2728 2947
8866 4231
4372 571
8396 9833
8494 9965
2147 7945
874 1257
7954 6812
9335 9149
1138 9879
3732 3105
5357 2458
9764 2674
8502 154
7781 749
1911 2035
6094 4687
8043 4206
9079 9499
8541 4640
2797 5643
3536 3235
3318 538
5825 2409
1281 7746
8890 1117
3250 1522
8745 1917
8909 1938
7936 3045
5921 7193
4909 7741
4263 7071
13 6791
7211 7103
2413 7585
1594 3391
2417 610
2172 8259
8568 4034
5973 3294
5248 9930
3926 1659
8726 9567
4233 1308
8209 681
6653 5280
2576 4809
1086 5802
6416 4170
2681 2192
9010 8966
1646 561
3693 4140
1975 6202
3392 737
6808 4059
8267 470
7416 309
1678 6936
3967 5383
1489 3789
1408 1162
7574 2669
2281 1705
1724 1839
9352 1237
6550 8775
2657 696
2332 3980
5517 7656
2255 1262
4597 655
1602 4039
863 7464
5960 2481
8216 2812
5545 1945
2643 799
2857 9379
977 5188
8778 5839
3185 7752
8000 1162
666 1389
597 9127
9383 181
799 4047
4786 8819
6207 6951
5204 4620
8076 1586
7259 5667
8207 5270
1069 5046
9519 8227
477 83
2176 5521
2860 6751
8 2745
7425 3656
4658 8055
3948 1769
3879 4462
2999 2174
4169 6061
2398 4777
2049 1025
6017 5604
5676 1659
1191 4568
6178 6659
421 9806
3192 8013
848 6451
2902 1531
3791 2561
7978 851
7845 220
8334 2035
6733 9466
7640 7074
8198 9671
8353 8344
6817 4935
1449 7857
8537 8765
2361 9053
8931 124
7624 9292
645 2108
4530 5225
796 2128
6853 916
729 6533
1918 3220
892 6253
8836 701
1075 9773
3907 4174
9396 5556
4620 1150
6890 3005
2347 9481
7693 4694
6874 3109
6773 9410
9188 1226
1343 4892
8715 3889
513 445
4366 9707
2251 1520
1109 3734
1598 7060
4847 4380
2594 7250
2655 3836
1058 6927
6866 3405
4107 5060
7940 9296
2006 3853
2084 1094
8513 2350
2757 9794
1668 5964
166 6271
3298 3835
2340 9045
287 9476
6525 8984
5426 9386
313 2594
9643 3373
325 1523
4678 9582
656 2694
5680 6900
5946 6085
25 46
9305 895
6923 5834
4717 1225
91 9654
8775 1747
4221 2005
742 7709
7084 9220
5186 3577
2266 2221
9116 3154
6085 44
7685 9758
2620 3216
7182 8848
5472 9716
1520 5537
7262 8767
2637 3200
4395 7784
2263 5799
4273 62
1280 4432
3098 1896
6001 7320
1274 9320
1615 2851
2418 5045
1755 1952
1441 7273
1416 4494
7390 1608
5394 8143
7460 7746
7758 4364
2621 4923
1948 5705
6802 6105
1140 9963
7473 4909
8784 6599
3873 9254
2646 9324
4098 3842
3962 4052
1784 6743
3489 5063
186 7697
9752 8145
3317 1725
3126 2741
7511 7349
8111 2050
9193 1324
1467 7573
5020 8109
2390 271
9991 8111
713 2680
31 5276
8233 9683
1545 802
7455 6756
140 4009
3480 1056
4427 3926
1006 6052
3057 1999
8326 425
2621 112
6459 1926
1793 6462
1275 3270
5045 714
6304 8252
5457 8840
8562 1940
2411 129
3820 8236
2014 4454
6604 5699
3100 3542
2878 1712
6820 2625
3003 5270
2055 1133
5694 7383
7416 57
2727 5543
9315 3393
9124 5538
8560 849
7309 8304
7095 1373
2302 2327
1365 5297
6442 1442
8208 8500
3902 4066
6536 9170
3684 8802
5183 91
9034 2463
4458 9638
9634 3111
264 1210
8091 961
9394 1038
4128 4030
3796 2686
9071 3246
2236 689
5916 5430
2416 1002
1223 1616
7348 2860
3675 6548
6252 7585
4489 918
127 2764
4949 2544
7453 5198
5806 641
2658 8726
9812 2150
2811 3724
2277 3208
2232 2672
777 9190
1107 6446
1199 9796
1809 8341
2951 7348
7766 4024
4817 5125
6270 2117
4454 9257
3161 660
9622 2091
3222 8354
9681 4544
1619 111
9290 5821
212 4564
2377 954
8994 7273
3872 9270
8806 5382
3248 587
8791 5785
9228 7155
9375 1031
5070 8138
6229 4406
569 2518
599 6714
192 3637
2565 1742
1157 8854
5830 1414
2131 3339
6277 1891
6800 6556
5708 3335
4670 1728
1108 3513
3377 8776
8876 2427
5478 8460
984 6442
8897 4362
6172 4022
7863 2396
5177 4483
910 5306
7222 2318
4289 6735
4179 4676
2921 640
8986 9440
5688 1243
3064 1059
7672 5916
539 1577
8260 1734
8315 1049
6837 3152
1501 4542
2047 1565
1078 5700
8029 9569
6093 1492
4234 2081
485 9812
8225 2970
2521 6056
6536 8452
4025 6542
3433 4200
308 9945
529 3856
4598 8475
300 2415
5556 3193
4929 6273
149 1498
1209 195
2627 3808
9110 6390
5698 9146
4082 3616
2065 7897
4118 452
1615 4049
3964 3411
4304 274
534 195
2768 6008
4416 9839
9174 7248
7059 3887
4989 3949
5596 3737
3343 953
9965 4456
6883 1567
2147 2348
9081 4793
7096 418
1715 1941
1785 3030
7750 5966
9354 2198
4017 1368
9064 4505
606 1867
9055 5087
295 4932
1086 5370
7706 8040
5144 4382
2127 4699
9452 8629
1370 4465
5271 2071
9533 7314
3096 9464
6048 8307
2596 161
7795 2082
2268 3491
2738 4562
1596 6634
6250 9529
1253 7199
4284 4230
1357 352
7775 4902
3317 6084
4139 6984
8507 6905
5764 464
1617 3281
9235 5402
9774 2157
107 576
6804 5272
1402 7965
962 5831
6831 8786
6122 3791
1819 4872
9845 4327
1195 40
1974 8032
5541 4776
2268 8035
2128 8727
1980 281
1993 8778
7695 1265
2452 7384
1896 2477
5999 7059
4568 7758
1501 8024
469 1106
6466 2137
5752 1578
3546 3944
8407 1953
63 8151
2083 3578
1371 8174
802 2121
9178 6781
8767 2181
116 7938
1520 7436
1641 4717
1592 6343
3517 6835
7215 336
6247 6080
1519 690
4245 4719
6512 7791
7906 2543
1846 4968
7258 3614
8377 2920
4749 8409
998 2913
9411 4712
7796 2172
5311 8932
2345 3291
2695 2474
2334 8530
9363 1876
2416 789
3731 6438
2169 6883
5606 5734
2751 6948
7352 5823
9754 2030
5611 2248
9692 3710
7674 6145
4828 5638
4170 7277
4435 6385
8802 4775
4411 7967
3117 1518
2085 7085
6237 1906
6010 260
2642 628
7124 4806
7467 2617
894 9124
7772 4768
1289 6435
497 4948
1472 944
4481 7987
6606 1186
935 6768
2319 7855
7757 5958
6996 9794
4250 974
4043 8651
366 8019
1823 9911
1675 2244
8043 7409
183 330
6757 729
7263 7034
7497 900
5453 1645
4898 9333
9213 7454
1377 1563
8173 196
8151 7978
1283 1153
2565 1406
7540 5513
2070 1405
3377 2759
2827 5949
6436 109
968 9543
1148 5355
1885 9706
5398 3954
952 242
9245 2873
7816 2154
1123 7119
3221 1247
1872 5298
8782 8647
329 6912
8691 1747
5925 5420
4389 9041
9229 5939
3322 6373
5282 8831
8373 9560
5571 5739
2006 2177
430 5033
5390 9620
3543 1969
1638 6984
1576 1162
1888 3582
9544 62
9805 9470
1998 2985
2785 2372
1431 2002
1588 8027
7655 2349
1610 1288
6332 7408
2597 5643
5961 7445
1530 5346
7010 640
3969 1422
9747 769
289 7417
630 3468
4668 8120
2533 6951
5590 8558
8860 4835
6364 7394
8979 607
5459 2642
987 25
5630 5527
4518 2358
5652 8714
508 8613
3616 1336
1227 3183
6075 2754
9214 753
9832 88
9489 7549
1294 2680
900 4398
8315 2369
991 3195
8535 6604
1941 2542
6839 6189
8572 7988
8083 7735
4892 3719
1274 8510
7413 667
6085 1889
22 5127
7449 2775
3083 2053
368 3976
2647 4699
3706 9696
9218 5050
368 2016
1781 5190
7562 6374
1620 9591
6673 110
8426 7216
6007 9112
5196 1455
838 8508
7958 7684
2503 7964
91 5397
2500 8617
8300 3169
7168 1128
7446 1540
8005 8485
7728 7162
3661 7065
5413 8391
181 3241
9552 4407
2479 1551
8021 8049
2840 4301
5336 4641
2810 4143
5544 2326
1058 9696
2235 4057
5092 7264
480 9536
3869 8708
4417 4466
7674 8094
1032 1580
2119 5919
8579 6787
2651 314
4827 7226
8274 9579
9105 102
1786 4184
2730 784
1394 7239
3469 2268
544 9248
2458 4648
674 612
8350 998
3896 9838
9508 621
2448 2169
462 9901
9617 434
1108 6194
8076 4351
8092 2219
5679 8736
8730 2987
5308 965
8426 2287
1115 6001
1932 3986
4811 9053
8975 3006
7758 448
8434 1251
7574 1869
327 2717
8234 5790
7848 9201
4094 5552
4062 5335
3570 6222
8880 9887
9353 7522
8169 2029
2764 5290
5085 6167
1888 3048
4845 1857
1990 4156
9193 4102
354 5669
7942 8250
30 9734
2593 6462
2928 7046
658 3380
137 6682
5075 8403
991 4951
5635 685
8749 2659
8054 3007
1193 4075
1920 6808
7687 1275
5890 7918
1164 73
4948 8478
1062 2
5604 6930
7626 2393
3390 5400
4589 5165
7468 2496
9671 6523
6703 9174
693 6964
767 3362
9535 5009
6335 6700
8777 4355
9189 3571
5757 4047
3161 6655
5752 2107
6475 3829
7684 9314
6250 5564
2807 2798
1698 3790
1290 9671
1894 4161
5820 374
9711 2055
7400 5647
6099 1026
9252 7567
3545 7276
2939 6257
1804 6694
8590 9336
286 6351
4582 2456
4031 392
7965 8485
2734 9253
958 3217
832 4038
8650 5600
1326 2647
8957 1023
3859 6101
8704 2852
6135 2915
6896 6759
1974 395
9663 1057
8677 2424
6249 6164
5 4291
537 4443
8264 749
5773 3987
1620 1245
2071 8667
4150 202
5894 2024
2440 1660
2325 5468
694 1406
9330 2535
9406 9142
9122 5487
8775 1480
9827 1708
3779 6791
4898 1735
8071 2717
3742 7428
3162 6110
9036 3373
2204 1288
3580 7538
2074 7022
5371 1214
4751 9637
2859 5803
2781 9438
5489 312
8732 7222
6141 4522
7906 7002
5487 6433
9124 7263
392 8685
75 1312
8095 5137
7771 5673
3829 7846
9328 3860
5931 1970
5786 3234
7618 171
2650 2909
115 2071
493 3787
3536 2502
6809 4693
4042 5154
486 3529
9397 2597
4383 2957
633 4380
9688 165
3211 7387
3714 4502
459 4625
6142 2092
1887 637
4206 1833
1648 609
9794 2351
4034 2166
2321 1984
3434 6129
9478 2164
4716 8164
9981 8427
867 4840
2286 4771
9204 5833
4922 3628
5476 4914
5347 4842
1465 2971
7281 9771
7103 6320
5090 58
3341 8036
913 3347
9367 9830
8907 4247
8453 1315
2638 1299
8611 796
9219 9308
1274 1481
8973 1038
335 1885
7794 6085
5834 1564
4650 9243
9098 139
1398 2787
4680 3256
2002 3909
4841 5577
8142 668
4696 7673
1065 4732
979 5376
6863 8488
8100 626
4838 6115
9986 6827
5059 1925
3689 4969
8194 9584
312 9083
1989 692
2186 3432
5804 5616
1224 467
4806 8281
9517 9790
8615 4240
8985 3949
5387 2367
7577 5420
3354 1668
6679 5411
813 7202
174 9737
7200 8020
3490 7943
3928 2659
1981 5566
6550 1066
5484 7675
316 9912
2668 1610
3280 5989
5407 6266
3215 5897
4051 479
2772 89
6565 5549
1449 1027
5185 5508
1133 1357
5278 4823
5302 3545
9400 1889
9273 2444
1885 8154
7112 2654
3117 5078
7691 5732
6923 1551
8098 6605
1081 7348
1514 6122
3091 6770
2686 5714
9531 2690
8560 7060
4085 6675
9688 9710
6227 6026
4716 5357
292 1703
353 2342
1816 761
4657 9877
4743 644
7741 2452
5907 7267
1572 2399
9771 841
2965 613
6002 3084
8226 4945
2223 9924
9990 6249
3462 8528
2728 2231
8935 362
7296 775
3397 8924
6089 8880
1210 9394
9175 5670
6057 2866
8955 2207
1252 1146
7286 5509
6607 2649
6282 9948
3765 5377
1831 2532
1321 9643
8868 608
575 7787
684 6792
1708 6757
6844 2157
5964 5265
7689 7227
4435 9243
7703 115
2246 6078
6136 9994
9802 7041
753 9356
6685 8850
7396 1125
6468 3779
2265 8690
9109 5411
4286 5203
5350 8382
3649 403
7013 7959
4059 9595
8697 5653
335 4116
4761 107
6563 4091
3260 1613
7071 1114
6256 9472
9892 1637
4783 577
4991 1491
8495 7977
2893 6782
1065 4847
641 4971
9661 3262
1156 1213
8483 8280
8476 7319
7477 5484
6640 4866
6635 3108
8075 7214
6119 2450
5248 4108
1363 5532
3757 1915
5527 773
2322 6577
3119 6894
9363 7869
348 3037
4572 9259
1578 3005
3925 5191
834 3302
7159 2581
497 6270
1246 8608
7209 8000
4255 5618
518 9373
5451 3524
5363 5168
2181 8374
9454 2197
464 2385
2810 4157
924 7947
6052 2635
3123 8315
3640 2435
1007 4541
164 8932
8703 7528
8829 7955
4890 1982
241 6986
6067 3924
7693 7537
7565 4692
7232 9820
304 7999
9151 2340
620 4694
8122 4139
7150 2394
7535 5066
3793 1250
7406 6925
2743 6862
3117 6386
4456 4986
6045 189
9002 1381
3340 5872
130 9554
60 4057
4346 3774
8771 1084
5091 1187
8757 4179
1725 5485
6992 3923
7685 4716
438 7473
7533 7385
2272 6213
1282 684
1584 7726
7835 2045
3192 3173
7021 2953
6297 598
8231 6663
9439 4429
6794 9548
8139 6349
2744 764
9313 7815
338 8450
9460 7497
4650 9458
6862 901
9184 1101
5268 8035
5243 6117
3736 5753
1942 1921
7985 4826
9470 434
1753 8029
6441 4471
7366 1169
7977 2063
171 3325
3200 4702
1119 844
310 1329
7518 4456
5769 9765
4719 6486
9621 2756
4294 6004
1316 1154
843 1822
216 5047
6379 9782
5767 1086
5053 3317
5365 2798
2535 3117
1512 4454
1281 5522
8136 830
7706 4201
9670 8939
8475 2606
5695 2404
1481 1324
6432 691
879 5289
8332 4510
2347 896
300 8791
727 2707
7495 8736
2203 7632
3234 195
2257 4771
9161 3681
6489 3533
3310 2393
2591 2852
8369 8923
8585 731
2994 5469
5013 4163
8019 6255
5987 1425
9361 2954
8670 642
6052 3534